1403636899951666432.000000 3.888672113 1.235272884 -0.578236580 -0.572095990 -0.600714266 -0.375887841 0.412985325
1403636900301666560.000000 3.958434820 1.318973303 -0.604459763 -0.558576882 -0.594710171 -0.395616055 0.421662897
1403636900551666432.000000 4.008787632 1.363961577 -0.543562591 -0.560966134 -0.605920255 -0.381994694 0.415039539
1403636900801666560.000000 4.059785366 1.411618471 -0.508276463 -0.565832794 -0.614372134 -0.366513997 0.409936219
1403636901051666432.000000 4.118402481 1.476060152 -0.504090488 -0.567551076 -0.605087876 -0.360983819 0.425963759
1403636902051666432.000000 4.535062790 1.804094672 -0.526822031 -0.554984629 -0.607753396 -0.379250526 0.422843903
1403636902301666560.000000 4.645860672 1.884789705 -0.540950894 -0.555565894 -0.606975675 -0.378049135 0.424271166
1403636902401666560.000000 4.690698147 1.915526748 -0.553018689 -0.557517529 -0.606018186 -0.377121240 0.423905432
1403636902501666560.000000 4.736760139 1.945431590 -0.577957213 -0.558384776 -0.606313586 -0.378519446 0.421085954
1403636902551666432.000000 4.760036945 1.960690260 -0.592574000 -0.557741821 -0.606324434 -0.381257951 0.419448704
1403636902951666432.000000 4.930685520 2.080656290 -0.653105319 -0.554935634 -0.603530645 -0.390100986 0.419068664
1403636903601666560.000000 5.160152435 2.244201183 -0.556998670 -0.550882697 -0.614534318 -0.381474823 0.416356653
1403636903801666560.000000 5.223047733 2.290815115 -0.559362710 -0.557733238 -0.615371048 -0.370062977 0.416299850
1403636904101666560.000000 5.319908142 2.384814262 -0.525468111 -0.560185552 -0.607914448 -0.366273135 0.427172333
1403636904351666432.000000 5.416723728 2.472519398 -0.459576458 -0.560989857 -0.604384661 -0.367040098 0.430454552
1403636904551666432.000000 5.505660057 2.541686535 -0.423075676 -0.559247971 -0.604840577 -0.373008162 0.426936299
1403636904651666432.000000 5.552718639 2.575831175 -0.411807001 -0.558312118 -0.605929732 -0.376124531 0.423871726
1403636905051666432.000000 5.741049290 2.709127426 -0.391718835 -0.557845056 -0.606556773 -0.386072546 0.414542824
1403636905501666560.000000 5.919136524 2.860867977 -0.351219207 -0.557288885 -0.611909330 -0.389395028 0.404187441
1403636905651666432.000000 5.962399960 2.913301945 -0.327252448 -0.551422596 -0.617751718 -0.387350529 0.405309260
1403636906001666560.000000 6.038309574 3.043444395 -0.336009532 -0.551088989 -0.622989416 -0.373499572 0.410710692
1403636906301666560.000000 6.080607414 3.177274227 -0.362679571 -0.545305371 -0.622547865 -0.375604510 0.417129993
1403636906601666560.000000 6.109946728 3.320158958 -0.343429834 -0.555804074 -0.609766066 -0.360751718 0.434885412
1403636907151666432.000000 6.200861931 3.575114489 -0.356113076 -0.542439401 -0.625297070 -0.373069167 0.419025630
1403636907301666560.000000 6.220790386 3.646458626 -0.362785339 -0.545365810 -0.629230201 -0.365909636 0.415638864
1403636907451666432.000000 6.237236500 3.722680807 -0.371205688 -0.549260020 -0.627724826 -0.358197719 0.419487149
1403636907851666432.000000 6.296380043 3.962193966 -0.313461453 -0.554860592 -0.620631695 -0.348886967 0.430376470
1403636908001666560.000000 6.329351425 4.069110394 -0.303458393 -0.547867954 -0.621264338 -0.357966423 0.430965573
1403636908301666560.000000 6.401837826 4.289054871 -0.298900992 -0.534707189 -0.625431716 -0.368411601 0.432661831
1403636908451666432.000000 6.436193943 4.392593861 -0.301767558 -0.533324778 -0.628346801 -0.365759343 0.432394773
1403636908601666560.000000 6.468715191 4.496120930 -0.314325064 -0.532101750 -0.630829036 -0.363030225 0.432587057
1403636908751666432.000000 6.500303745 4.597012043 -0.319275469 -0.532661140 -0.634190977 -0.358322978 0.430904478
1403636908901666560.000000 6.530414104 4.702224731 -0.304439306 -0.535932600 -0.636648715 -0.351641715 0.428722262
1403636909201666560.000000 6.589615345 4.930590153 -0.250942260 -0.539183259 -0.635292888 -0.346524984 0.430818796
1403636909351666432.000000 6.622573376 5.052950382 -0.239792660 -0.539825857 -0.634281158 -0.347359538 0.430832654
1403636909501666560.000000 6.657520294 5.182604790 -0.238629118 -0.536576569 -0.632355928 -0.354454309 0.431941837
1403636909651666432.000000 6.694001675 5.313980103 -0.251760989 -0.538410008 -0.627696633 -0.354404807 0.436473191
1403636909851666432.000000 6.748144150 5.488869190 -0.286299765 -0.529125512 -0.624936581 -0.370916992 0.438065261
1403636910001666560.000000 6.788499355 5.613205433 -0.324770749 -0.515794158 -0.629300117 -0.390323788 0.430795848
1403636910201666560.000000 6.825532436 5.761107445 -0.379418820 -0.522617459 -0.628143787 -0.379293978 0.434099734
1403636910601666560.000000 6.868492603 6.037021160 -0.401093304 -0.528436124 -0.633104920 -0.365262538 0.431875736
1403636910801666560.000000 6.884044647 6.172962189 -0.416921109 -0.528949797 -0.633390546 -0.363538742 0.432282388
1403636911001666560.000000 6.894668579 6.308643341 -0.447110534 -0.528747141 -0.626107395 -0.362968445 0.443474948
1403636911251666432.000000 6.912792683 6.471030235 -0.466839343 -0.527416050 -0.626605034 -0.364564687 0.443047583
1403636911701666560.000000 6.950291157 6.716931343 -0.430842996 -0.528354824 -0.632139981 -0.365168482 0.433465362
1403636911951666432.000000 6.969254971 6.844973087 -0.440864861 -0.539831281 -0.625725746 -0.350884229 0.440374672
1403636912201666560.000000 6.999400616 6.979922295 -0.474362999 -0.537398100 -0.626814067 -0.356393844 0.437368035
1403636912601666560.000000 7.063154697 7.208429337 -0.479595751 -0.539449215 -0.622994363 -0.357071519 0.439741343
1403636913001666560.000000 7.161528111 7.442945004 -0.547674358 -0.537655950 -0.618175387 -0.362241745 0.444484353
1403636913451666432.000000 7.313367367 7.680112839 -0.618004382 -0.536551356 -0.619571447 -0.362159640 0.443941683
1403636913701666560.000000 7.405546665 7.801695347 -0.629311264 -0.536473632 -0.622136593 -0.364713371 0.438322037
1403636914251666432.000000 7.614884853 8.055184364 -0.631222188 -0.536387265 -0.620299280 -0.365341991 0.440503001
1403636914551666432.000000 7.733666420 8.179575920 -0.632707477 -0.532796681 -0.623888671 -0.371476620 0.434621483
1403636914851666432.000000 7.844650269 8.296782494 -0.589891434 -0.531892896 -0.622461021 -0.375119299 0.434646666
1403636915101666560.000000 7.930637836 8.382387161 -0.581851661 -0.535950601 -0.624756515 -0.372499585 0.428579569
1403636915601666560.000000 8.070310593 8.570517540 -0.635836005 -0.544101655 -0.621350646 -0.362258255 0.432025194
1403636918301666560.000000 8.640078545 9.339076042 -0.772585273 -0.625377834 -0.527789116 -0.449578285 0.358079046
1403636919701666560.000000 8.664751053 9.577269554 -0.381561965 -0.640726447 -0.497909725 -0.462135673 0.357751548
1403636920101666560.000000 8.742767334 9.571777344 -0.369791090 -0.643598735 -0.488455236 -0.458124191 0.370559573
1403636920501666560.000000 8.829482079 9.500457764 -0.429928213 -0.636632323 -0.500141919 -0.465054929 0.358163953
1403636921401666560.000000 8.942244530 9.268661499 -0.368168712 -0.642509460 -0.496943295 -0.461086035 0.357251525
1403636921901666560.000000 8.983002663 9.134400368 -0.449650049 -0.663565278 -0.503498077 -0.434888214 0.342115700
1403636922301666560.000000 9.043989182 9.064911842 -0.510874450 -0.658474445 -0.491959453 -0.461402833 0.333908319
1403636923551666432.000000 9.156643867 8.920042992 -0.655245662 -0.714490831 -0.429026455 -0.475122571 0.282307833
1403636924001666560.000000 9.217247009 8.915717125 -0.674358487 -0.720019877 -0.430707961 -0.472378075 0.270039052
1403636925351666432.000000 9.625024796 9.309674263 -0.801242113 -0.718630672 -0.408071876 -0.493308097 0.271467328
1403636926251666432.000000 10.030441284 9.715687752 -0.896188378 -0.708760440 -0.387898415 -0.513466358 0.289042979
1403636926701666560.000000 10.202915192 9.918113708 -0.978597939 -0.709354281 -0.391156018 -0.506720960 0.295037895
1403636927151666432.000000 10.389433861 10.021855354 -0.981175542 -0.742204845 -0.346784860 -0.507342219 0.267350137
1403636927601666560.000000 10.618585587 10.077474594 -1.064565301 -0.780936301 -0.306474715 -0.506560206 0.199019268
1403636929951666432.000000 12.094983101 10.902358055 -1.048498631 -0.756566286 -0.298506230 -0.541304767 0.213285118
1403636930401666560.000000 12.297105789 10.964749336 -0.982368529 -0.761112809 -0.293104798 -0.535308421 0.219640195
1403636930851666432.000000 12.479498863 10.985159874 -0.939032316 -0.761072397 -0.287633210 -0.535160422 0.227242917
1403636931301666560.000000 12.664513588 10.922753334 -0.958424807 -0.759903193 -0.260647386 -0.558327556 0.207076252
1403636931751666432.000000 12.779847145 10.777331352 -0.895991206 -0.758314550 -0.269326657 -0.568214238 0.171915486
1403636932301666560.000000 12.774489403 10.599791527 -0.928995013 -0.761825442 -0.258546770 -0.566268563 0.179208219
1403636932751666432.000000 12.666592598 10.442471504 -0.873669147 -0.772251546 -0.225345492 -0.572932422 0.156829447
1403636933251666432.000000 12.434315681 10.270473480 -0.811472118 -0.800292134 -0.185540557 -0.556122184 0.125838250
1403636933751666432.000000 12.214275360 10.143434525 -0.867815852 -0.799248517 -0.180181593 -0.559646785 0.124627016
1403636934251666432.000000 12.026563644 10.033388138 -0.868276715 -0.801907778 -0.133381173 -0.573401749 0.101803452
1403636934751666432.000000 11.817411423 9.873717308 -0.930097818 -0.817638099 -0.019196594 -0.574439406 0.033449508
1403636935751666432.000000 11.439450264 9.520794868 -0.730167806 -0.816646099 -0.013313618 -0.576429605 0.025312876
1403636936251666432.000000 11.300623894 9.308376312 -0.817398787 -0.836061358 -0.020851964 -0.547924638 0.018580044
1403636936801666560.000000 11.267358780 9.074150085 -0.851879358 -0.817710817 -0.013297304 -0.575323939 0.013214743
1403636937301666560.000000 11.255614281 8.886598587 -0.838765562 -0.818889320 -0.008967964 -0.573812842 0.008869003
1403636937801666560.000000 11.248080254 8.722122192 -0.878564477 -0.817063212 -0.014116871 -0.576321185 -0.007898808
1403636938301666560.000000 11.206213951 8.632890701 -1.017255545 0.796819329 -0.008717786 0.604128480 0.005648513
1403636938801666560.000000 11.035206795 8.519427299 -1.059453964 0.813981235 -0.044470865 0.578873754 -0.019031683
1403636939301666560.000000 10.847784042 8.267364502 -1.061042070 0.815747261 -0.024367664 0.577865958 0.005794081
1403636939801666560.000000 10.653841019 8.005706787 -1.062935233 0.802603781 -0.015631905 0.596306801 0.001036891
1403636940351666432.000000 10.347619057 7.699945927 -1.131792068 0.810241878 -0.046611980 0.584167421 0.009163681
1403636940901666560.000000 10.002846718 7.343806744 -1.196928978 0.825110257 -0.052167233 0.561913252 0.026931001
1403636941451666432.000000 9.723624229 6.983484268 -1.101652384 0.813683271 -0.043517958 0.579036295 0.027254185
1403636941951666432.000000 9.481457710 6.688548088 -1.078497410 0.817200541 -0.034318142 0.574952900 0.020851381
1403636942451666432.000000 9.242884636 6.404438019 -1.021677017 0.815216362 -0.047509171 0.577157199 0.007395891
1403636942951666432.000000 9.016096115 6.073455334 -1.063192725 0.818885446 -0.047543351 0.571560860 0.022012403
1403636943451666432.000000 8.811222076 5.732640743 -1.034157753 0.811425686 -0.051590472 0.581341267 0.031131905
1403636944001666560.000000 8.551160812 5.409228802 -1.147438288 0.822559595 -0.042248990 0.566475689 0.026761794
1403636944551666432.000000 8.376145363 5.139948845 -1.222834587 0.821544707 -0.012433137 0.569657862 0.019993147
1403636945101666560.000000 8.272483826 4.973692417 -1.148605943 -0.811503291 -0.005076521 -0.584301472 -0.005343036
1403636945651666432.000000 8.111587524 4.896674633 -1.148177624 -0.819237709 -0.003989424 -0.573422849 -0.004454001
1403636946201666560.000000 7.986804485 4.890457630 -1.240613222 0.820674837 -0.003201630 0.571277916 0.011142078
1403636946801666560.000000 7.888476849 4.962085247 -1.482024431 0.816544890 -0.029659523 0.576478243 -0.006891545
1403636947351666432.000000 7.784729004 4.934844971 -1.650367856 0.839636564 -0.023152461 0.542596579 0.007957658
1403636947901666560.000000 7.848126411 4.825143337 -1.661199093 0.829210460 -0.008683047 0.558084071 0.029609989
1403636948451666432.000000 8.037947655 4.801002502 -1.753628850 -0.830486417 -0.003159742 -0.556202710 -0.030346185
1403636949001666560.000000 8.293553352 4.981772900 -1.835276127 0.812428474 -0.002785797 0.583054245 0.000077401
1403636949551666432.000000 8.492399216 5.237895012 -1.925889492 0.810150266 -0.005453757 0.586001158 -0.015151297
1403636950151666432.000000 8.642928123 5.433866978 -1.959865212 0.832671821 -0.004925868 0.553590357 -0.013084445
1403636950751666432.000000 8.885799408 5.583028316 -2.017258406 -0.816829920 -0.010568176 -0.576694489 -0.010034157
1403636951301666560.000000 9.081192970 5.776635170 -1.971137285 0.825259387 -0.001700998 0.564630568 -0.011676287
1403636951901666560.000000 9.341501236 5.958148003 -1.988788843 -0.823645234 -0.009178665 -0.566997766 -0.006153101
1403636952601666560.000000 9.711178780 6.233237743 -2.052635193 -0.810251474 -0.004883424 -0.586059093 0.001877621
1403636953251666432.000000 9.954425812 6.488068104 -2.182652473 0.827268958 -0.007037797 0.561514497 -0.016670074
1403636953901666560.000000 10.239538193 6.677374363 -2.233607292 -0.825767636 -0.019969981 -0.563576162 -0.009537254
1403636954551666432.000000 10.586943626 6.970922470 -2.146954298 -0.829447806 -0.010861056 -0.558475137 -0.001989664
1403636955301666560.000000 11.072859764 7.400438309 -2.224984169 0.816478252 -0.011905695 0.576887488 0.020552281
1403636955951666432.000000 11.452447891 7.844411373 -2.272099495 0.816946507 -0.029915195 0.575478554 0.022979060
1403636956601666560.000000 11.771845818 8.245631218 -2.256362438 0.811145544 -0.028565770 0.583746791 0.021603456
1403636957251666432.000000 11.965894699 8.551795959 -2.267615557 -0.807048202 -0.109979302 -0.574977815 0.077319555
1403636957901666560.000000 12.070719719 8.781267166 -2.304158688 -0.794864118 -0.190679997 -0.556090117 0.150320113
1403636958551666432.000000 12.163241386 8.940255165 -2.284640551 -0.755581081 -0.321578979 -0.523558438 0.227092236
1403636959251666432.000000 12.288716316 9.056649208 -2.289258242 -0.756205440 -0.322562814 -0.525062799 0.220035747
1403636961401666560.000000 12.279589653 9.766844749 -2.522169113 -0.692417860 -0.431956679 -0.491842538 0.303417087
1403636962201666560.000000 12.091885567 9.997455597 -2.321956635 -0.614927351 -0.537780106 -0.436157674 0.377390325
1403636963001666560.000000 11.811028481 10.136943817 -2.076184750 -0.509937465 -0.632515430 -0.386533916 0.436439604
1403636963801666560.000000 11.412774086 10.092206955 -2.039750576 -0.531487167 -0.616597891 -0.384786040 0.435049534
1403636964601666560.000000 10.995282173 9.889342308 -1.856483221 -0.518197000 -0.623276293 -0.395512342 0.431935787
1403636965351666432.000000 10.436840057 9.511535645 -1.775601268 -0.440664977 -0.702686369 -0.316806704 0.460086673
1403636966151666432.000000 9.729392052 9.188755989 -1.442971468 -0.436800897 -0.683006108 -0.327467948 0.485254943
1403636967001666560.000000 9.120533943 8.784379959 -1.417764425 -0.456212938 -0.665767968 -0.322128803 0.494829088
1403636967851666432.000000 8.740378380 8.230750084 -1.442844272 -0.451814055 -0.667439222 -0.338812113 0.485381782
1403636968701666560.000000 8.433639526 7.441878319 -1.635466099 -0.451043367 -0.669941843 -0.339567870 0.482111454
1403636969551666432.000000 8.151226044 6.495779514 -1.518821836 -0.468554258 -0.682077587 -0.319726914 0.461521208
1403636970351666432.000000 7.834312439 5.765584469 -1.488809586 -0.461949766 -0.671275437 -0.329815656 0.476669043
1403636971201666560.000000 7.428947926 5.210566998 -1.464159369 -0.482815713 -0.679193676 -0.292118579 0.469309837
1403636972101666560.000000 7.183431149 5.038396358 -1.648728728 -0.459908307 -0.667763710 -0.318534106 0.491031677
1403636973001666560.000000 7.191473007 4.919991970 -1.600239873 -0.469460130 -0.672377467 -0.322447687 0.472803652
1403636973901666560.000000 7.223732948 4.856802940 -1.760219693 -0.493667394 -0.647862256 -0.352858901 0.460497081
1403636974801666560.000000 7.249917984 4.803613186 -1.886337519 -0.619896829 -0.538982630 -0.427409500 0.377553791
1403636975651666432.000000 7.299793243 4.793845177 -1.922484636 -0.672645807 -0.474332541 -0.465126216 0.325904816
1403636976501666560.000000 7.379937649 4.855252266 -1.941119909 -0.733952343 -0.355576247 -0.501242042 0.289198667
1403636977351666432.000000 7.617304802 4.826974392 -2.126225233 -0.757427573 -0.330880374 -0.506384671 0.245756656
1403636978251666432.000000 7.995673656 4.776986599 -2.288980007 -0.751859367 -0.327171862 -0.520457804 0.238306299
1403636979151666432.000000 8.436529160 4.791337490 -2.297249556 -0.749893904 -0.327240050 -0.527441978 0.228862792
1403636980101666560.000000 8.935852051 5.098690510 -2.349511385 -0.757899702 -0.325840533 -0.522330284 0.215840518
1403636981001666560.000000 9.345005989 5.531398296 -2.459674835 -0.754076123 -0.325293869 -0.526113570 0.220811307
1403636981901666560.000000 9.685040474 5.914763927 -2.538709641 -0.765983105 -0.321010828 -0.519021869 0.202085063
1403636982851666432.000000 10.175537109 6.494538784 -2.487684011 -0.768314958 -0.309917480 -0.513824344 0.222773090
1403636983851666432.000000 10.848274231 7.143089771 -2.576007605 -0.766910493 -0.317467511 -0.519828260 0.202092499
1403636985451666432.000000 11.672957420 8.479360580 -2.565551519 -0.759443581 -0.312616020 -0.532407939 0.205081657
1403636987051666432.000000 11.651901245 9.755065918 -2.539713144 -0.747228265 -0.329945445 -0.524186730 0.240861580
1403636988051666432.000000 11.383310318 10.252378464 -2.390799046 -0.737911642 -0.333857387 -0.526648164 0.258200467
1403636989651666432.000000 10.829896927 9.714969635 -2.192112923 -0.742898583 -0.335571200 -0.525377095 0.243869916
1403636991301666560.000000 10.111851692 8.276000977 -2.097191572 -0.740988851 -0.349421173 -0.521969974 0.237461016
1403636992951666432.000000 9.401003838 7.165369034 -1.875094533 -0.754429877 -0.329145759 -0.526098490 0.213820308
1403636994601666560.000000 8.654671669 6.368718624 -1.731150508 -0.692236125 -0.402702630 -0.517572105 0.301262230
1403636996351666432.000000 7.686868191 4.942605972 -1.488294125 -0.710161805 -0.411693662 -0.490774512 0.292094082
1403636998051666432.000000 7.065722466 3.900279999 -1.266505480 -0.635664642 -0.533432484 -0.427792072 0.358293593
1403636999801666560.000000 6.598514080 3.598960161 -0.861012518 -0.627600133 -0.512588620 -0.455731869 0.368346959
1403637001601666560.000000 5.694550991 2.839927673 -0.731535494 -0.637664795 -0.511824012 -0.447732091 0.361878127
1403637003401666560.000000 4.770424843 1.939736485 -0.719071090 -0.642829478 -0.505153418 -0.453238875 0.355196863
1403637005201666560.000000 3.988817453 1.239345551 -0.656558454 -0.655635595 -0.497601897 -0.446320474 0.351187140
1403637007051666432.000000 3.723696709 0.946200192 -0.769498587 -0.605017304 -0.555507958 -0.414547205 0.391810656
1403637008901666560.000000 3.609683990 0.936011493 -0.881451488 0.608203828 0.559054434 0.383879513 -0.412532091
