1567044267050171392
1567044267150137600
1567044267250263040
1567044267350167552
1567044267450200320
1567044267550151680
1567044267650190080
1567044267750109184
1567044267850177536
1567044267950213888
1567044268050264064
1567044268150172672
1567044268250206976
1567044268350230528
1567044268450119168
1567044268550112000
1567044268650130688
1567044268750206976
1567044268850210304
1567044268950151424
1567044269050193664
1567044269150171392
1567044269250230528
1567044269350135808
1567044269450225920
1567044269550206208
1567044269650135808
1567044269750177024
1567044269850163968
1567044269950152960
1567044270050218240
1567044270150238976
1567044270250222848
1567044270350237696
1567044270450214400
1567044270550152960
1567044270650194688
1567044270750257152
1567044270850170368
1567044270950219264
1567044271050194176
1567044271150220288
1567044271250257664
1567044271350173696
1567044271450248192
1567044271550101760
1567044271650147072
1567044271750205696
1567044271850222848
1567044271950229760
1567044272050261248
1567044272150129920
1567044272250209024
1567044272350230528
1567044272450218496
1567044272550148864
1567044272650215680
1567044272750076672
1567044272850216960
1567044272950155264
1567044273050210304
1567044273150216704
1567044273250210560
1567044273350158848
1567044273450173696
1567044273550171904
1567044273650210304
1567044273750109952
1567044273850168064
1567044273950194688
1567044274050100736
1567044274150212352
1567044274250218752
1567044274350163968
1567044274450138368
1567044274550140160
1567044274650173952
1567044274750152960
1567044274850116352
1567044274950139904
1567044275050098944
1567044275150145536
1567044275250140928
1567044275350146816
1567044275450184704
1567044275550172928
1567044275650189568
1567044275750274816
1567044275850189312
1567044275950306560
1567044276050301440
1567044276150258432
1567044276250154240
1567044276350190080
1567044276450154496
1567044276550165760
1567044276650245888
1567044276750199040
1567044276850109952
1567044276950122240
1567044277050222848
1567044277150083584
1567044277250253312
1567044277350214912
1567044277450154240
1567044277550145024
1567044277650124032
1567044277750192896
1567044277850191616
1567044277950148608
1567044278050145280
1567044278150116864
1567044278250116608
1567044278350163968
1567044278450190080
1567044278550154496
1567044278650185728
1567044278750063872
1567044278850189568
1567044278950139648
1567044279050177792
1567044279150126592
1567044279250171392
1567044279350122752
1567044279450268416
1567044279550192640
1567044279650263808
1567044279750143744
1567044279850106112
1567044279950272768
1567044280050228992
1567044280150100992
1567044280250211072
1567044280350241280
1567044280450161664
1567044280550122240
1567044280650335488
1567044280750200576
1567044280850237184
1567044280950256896
1567044281050155776
1567044281150252544
1567044281250207488
1567044281350185472
1567044281450215680
1567044281550224896
1567044281650243584
1567044281750177536
1567044281850240256
1567044281950215168
1567044282050191616
1567044282150217984
1567044282250267392
1567044282350256128
1567044282450175744
1567044282550251008
1567044282650199296
1567044282750306560
1567044282850155776
1567044282950189568
1567044283050345984
1567044283150213888
1567044283250292224
1567044283350161664
1567044283450265856
1567044283550169600
1567044283650200320
1567044283750160896
1567044283850073344
1567044283950206208
1567044284050129152
1567044284150140672
1567044284250128384
1567044284350161664
1567044284450192896
1567044284550214400
1567044284650200064
1567044284750340096
1567044284850178560
1567044284950155520
1567044285050251008
1567044285150115840
1567044285250253312
1567044285350205184
1567044285450205440
1567044285550268416
1567044285650134528
1567044285750172416
1567044285850181120
1567044285950350592
1567044286050130432
1567044286150252800
1567044286250339072
1567044286350254592
1567044286450192384
1567044286550203392
1567044286650257408
1567044286750230784
1567044286850223616
1567044286950304256
1567044287050208256
1567044287150310400
1567044287250159616
1567044287350209280
1567044287450163968
1567044287550130432
1567044287650321408
1567044287750191872
1567044287850240512
1567044287950170368
1567044288050397696
1567044288150262272
1567044288250204928
1567044288350184704
1567044288450188288
1567044288550131456
1567044288650161152
1567044288750411008
1567044288850159616
1567044288950125312
1567044289050345472
1567044289150172416
1567044289250198784
1567044289350185984
1567044289450218496
1567044289550189824
1567044289650279424
1567044289750250496
1567044289850166272
1567044289950110464
1567044290050246400
1567044290150174976
1567044290250165760
1567044290350196224
1567044290450221824
1567044290550169600
1567044290650322176
1567044290750249984
1567044290850345728
1567044290950355712
1567044291050266368
1567044291150223360
1567044291250220032
1567044291350235392
1567044291450223360
1567044291550240000
1567044291650132736
1567044291750158848
1567044291850246144
1567044291950176256
1567044292050190592
1567044292150262528
1567044292250255104
1567044292350172160
1567044292450143488
1567044292550161920
1567044292650206720
1567044292750192384
1567044292850148352
1567044292950245376
1567044293050202112
1567044293150199296
1567044293250330368
1567044293350319360
1567044293450309632
1567044293550193920
1567044293650192640
1567044293750144000
1567044293850187008
1567044293950273792
1567044294050181376
1567044294150291456
1567044294250173440
1567044294350318080
1567044294450324224
1567044294550405376
1567044294650256896
1567044294750132736
1567044294850204928
1567044294950138368
1567044295050158336
1567044295150149120
1567044295250175232
1567044295350172672
1567044295450391808
1567044295550291456
1567044295650200064
1567044295750314496
1567044295850210304
1567044295950343424
1567044296050357248
1567044296150312192
1567044296250205184
1567044296350397440
1567044296450254592
1567044296550235904
1567044296650283776
1567044296750189824
1567044296850361600
1567044296950305792
1567044297050138880
1567044297150222592
1567044297250237696
1567044297350236928
1567044297450267904
1567044297550208512
1567044297650231808
1567044297750217984
1567044297850198784
1567044297950251520
1567044298050169344
1567044298150150656
1567044298250203648
1567044298350206720
1567044298450225152
1567044298550246656
1567044298650480384
1567044298750283520
1567044298850266112
1567044298950193408
1567044299050232320
1567044299150214144
1567044299250178560
1567044299350319872
1567044299450202368
1567044299550215424
1567044299650306816
1567044299750308096
1567044299850208000
1567044299950436352
1567044300050227456
1567044300150165248
1567044300250246912
1567044300350204672
1567044300450232320
1567044300550202880
1567044300650284288
1567044300750263552
1567044300850211584
1567044300950353152
1567044301050172160
1567044301150245120
1567044301250159360
1567044301350209536
1567044301450192640
1567044301550173696
1567044301650200832
1567044301750286336
1567044301850233344
1567044301950168576
1567044302050173184
1567044302150244608
1567044302250148608
1567044302350176512
1567044302450150656
1567044302550183680
1567044302650251264
1567044302750212096
1567044302850205952
1567044302950227200
1567044303050208512
1567044303150131200
1567044303250156288
1567044303350203648
1567044303450279168
1567044303550308864
1567044303650280704
1567044303750180864
1567044303850442752
1567044303950212608
1567044304050224896
1567044304150190336
1567044304250310400
1567044304350193664
1567044304450177536
1567044304550794240
1567044304650478592
1567044304750281984
1567044304850183168
1567044304950127104
1567044305050293760
1567044305150261248
1567044305250185472
1567044305350282496
1567044305450201344
1567044305550234880
1567044305650250240
1567044305750221312
1567044305851297024
1567044305950160640
1567044306050263040
1567044306150223872
1567044306250182912
1567044306350344192
1567044306450349824
1567044306550281472
1567044306650168576
1567044306750294272
1567044306850205952
1567044306950141440
1567044307050176000
1567044307150143232
1567044307250198016
1567044307350179584
1567044307450280192
1567044307550198272
1567044307650240000
1567044307750277376
1567044307850196992
1567044307950149120
1567044308050110976
1567044308150157568
1567044308250236416
1567044308350226944
1567044308450251264
1567044308550206464
1567044308650233856
1567044308750177024
1567044308850277120
1567044308950247936
1567044309050256896
1567044309150226432
1567044309250232576
1567044309350183168
1567044309450259968
1567044309550235136
1567044309650347776
1567044309750331648
1567044309850288128
1567044309950174976
1567044310050196480
1567044310150334464
1567044310250138624
1567044310350268928
1567044310450269184
1567044310550233600
1567044310650178304
1567044310750210304
1567044310850337792
1567044310950172160
1567044311050334464
1567044311150223104
1567044311250313216
1567044311350414080
1567044311450392320
1567044311550245120
1567044311650308352
1567044311750594304
1567044311850254336
1567044311950354432
1567044312050280448
1567044312150254336
1567044312250267904
1567044312350361088
1567044312450307584
1567044312550233856
1567044312650333696
1567044312750288128
1567044312850335232
1567044312950266112
1567044313050390016
1567044313150206976
1567044313250399232
1567044313350271744
1567044313450315264
1567044313550195456
1567044313650230528
1567044313750326016
1567044313850220288
1567044313950212352
1567044314050298368
1567044314150237696
1567044314250305024
1567044314350284032
1567044314450281984
1567044314550160128
1567044314650307328
1567044314750226688
1567044314850292992
1567044314950181376
1567044315050267648
1567044315150238208
1567044315250176256
1567044315350215424
1567044315450320128
1567044315550363136
1567044315650238976
1567044315750265344
1567044315850243328
1567044315950213888
1567044316050324736
1567044316150188288
1567044316250314752
1567044316350317312
1567044316450153984
1567044316550275584
1567044316650147072
1567044316750237184
1567044316850214656
1567044316951620608
1567044317050312448
1567044317150332928
1567044317250308352
1567044317350247680
1567044317450197248
1567044317550231552
1567044317650252800
1567044317750179840
1567044317850289664
1567044317950306048
1567044318050260480
1567044318150260480
1567044318250217472
1567044318350366720
1567044318450139136
1567044318550249472
1567044318650218752
1567044318750210816
1567044318850363648
1567044318950251520
1567044319050252032
1567044319150262272
1567044319250228992
1567044319350263552
1567044319450248960
1567044319550142208
1567044319650268672
1567044319750274304
1567044319850185984
1567044319950316288
1567044320050146048
1567044320150202624
1567044320250243072
1567044320350171904
1567044320450263552
1567044320550231040
1567044320650221824
1567044320750100736
1567044320850194944
1567044320950204928
1567044321050180096
1567044321150194176
1567044321250253568
1567044321350208512
1567044321450279424
1567044321550216960
1567044321650413312
1567044321750224384
1567044321850147328
1567044321950283008
1567044322050152704
1567044322150271232
1567044322250187520
1567044322350197504
1567044322450231296
1567044322550213120
1567044322650146816
1567044322750205952
1567044322850689280
1567044322950237696
1567044323050251008
1567044323150227200
1567044323250255616
1567044323350163200
1567044323450206720
1567044323550198784
1567044323650197504
1567044323750191616
1567044323850116864
1567044323950153984
1567044324050124032
1567044324150145792
1567044324250305536
1567044324350254336
1567044324450216448
1567044324550072832
1567044324650172928
1567044324750173952
1567044324850230016
1567044324950218240
1567044325050288640
1567044325150123776
1567044325250166016
1567044325350147072
1567044325450275072
1567044325550147584
1567044325650148096
1567044325751174144
1567044325850251264
1567044325950157824
1567044326050124544
1567044326150187264
1567044326250229760
1567044326350151680
1567044326450239232
1567044326550167808
1567044326650210560
1567044326750278656
1567044326850248704
1567044326950131968
1567044327050162176
1567044327150136576
1567044327250235136
1567044327350137600
1567044327450242816
1567044327550176256
1567044327650285312
1567044327750157568
1567044327850205952
1567044327950132992
1567044328050243328
1567044328150156288
1567044328250185216
1567044328350218496
1567044328450233856
1567044328550151680
1567044328650203136
1567044328750226688
1567044328850154752
1567044328950162432
1567044329050211840
1567044329150163712
1567044329250205440
1567044329350237440
1567044329450240512
1567044329550231040
1567044329650161152
1567044329750172416
1567044329850082560
1567044329950178816
1567044330050113024
1567044330150112768
1567044330250170112
1567044330350147584
1567044330450172160
1567044330550127104
1567044330650139648
1567044330750126336
1567044330850276608
1567044330950223616
1567044331050215936
1567044331150178816
1567044331250347264
1567044331350211072
1567044331450286592
1567044331550220288
1567044331650195200
1567044331750267904
1567044331850339072
1567044331950323712
1567044332050203904
1567044332150279168
1567044332250172928
1567044332350269184
1567044332450206208
1567044332550213632
1567044332650157824
1567044332750227456
1567044332850102784
1567044332950310144
1567044333050235904
1567044333150283520
1567044333250246400
1567044333350217216
1567044333450318592
1567044333550257152
1567044333650268416
1567044333750273024
1567044333850290688
1567044333950244608
1567044334050227712
1567044334150402816
1567044334250287872
1567044334350201856
1567044334450190080
1567044334550216960
1567044334650075648
1567044334750116864
1567044334850210304
1567044334950118912
1567044335050141184
1567044335150216704
1567044335250245376
1567044335350137088
1567044335450218240
1567044335550104832
1567044335650169856
1567044335750162688
1567044335850185728
1567044335950166784
1567044336050268160
1567044336150166272
1567044336250262016
1567044336350233344
1567044336450195200
1567044336550110464
1567044336650132480
1567044336750139392
1567044336850195456
1567044336950212864
1567044337050151936
1567044337150164992
1567044337250187776
1567044337350162176
1567044337450190848
1567044337550102016
1567044337650106880
1567044337750130432
1567044337850222848
1567044337950217984
1567044338050176256
1567044338150198272
1567044338250184448
1567044338350210048
1567044338450128128
1567044338550168064
1567044338650278144
1567044338750152960
1567044338850160640
1567044338950146048
1567044339050120704
1567044339150301952
1567044339250146816
1567044339350237696
1567044339450161408
1567044339550200320
1567044339650145792
1567044339750207488
1567044339850062848
1567044339950201600
1567044340050175744
1567044340150137344
1567044340250153728
1567044340350158080
1567044340450226176
1567044340550169344
1567044340650104064
1567044340750197248
1567044340850154240
1567044340950193408
1567044341050176768
1567044341150231808
1567044341250176000
1567044341350142208
1567044341450194944
1567044341550197504
1567044341650109952
1567044341750208256
1567044341850193152
1567044341950190080
1567044342050179328
1567044342150212608
1567044342250119680
1567044342350147840
1567044342450123264
1567044342550152192
1567044342650108160
1567044342750187520
1567044342850137600
1567044342950228480
1567044343050162176
1567044343150103808
1567044343250092544
1567044343350196224
1567044343450087424
1567044343550218496
1567044343650104832
1567044343750176000
1567044343850153728
1567044343950076160
1567044344050136064
1567044344150104576
1567044344250131712
1567044344350146048
1567044344450163200
1567044344550246400
1567044344650143488
1567044344750172928
1567044344850175744
1567044344950186496
1567044345050136320
1567044345150080256
1567044345250100992
1567044345350099456
1567044345450093568
1567044345550119168
1567044345650150656
1567044345750232832
1567044345850153472
1567044345950168832
1567044346050191872
1567044346150163200
1567044346250203904
1567044346350260736
1567044346450224384
1567044346550131200
1567044346650239744
1567044346750160896
1567044346850190336
1567044346950224384
1567044347050240768
1567044347150197760
1567044347250263296
1567044347350337280
1567044347450231296
1567044347550281472
1567044347650263808
1567044347750240000
1567044347850225152
1567044347950472704
1567044348050276096
1567044348150229248
1567044348250182144
1567044348350146304
1567044348450214400
1567044348550253056
1567044348650268672
1567044348750229248
1567044348850308352
1567044348950254080
1567044349050246400
1567044349150192384
1567044349250253312
1567044349350342400
1567044349450279680
1567044349550247168
1567044349650216960
1567044349750211840
1567044349850262272
1567044349950158592
1567044350050269184
1567044350150174464
1567044350250168832
1567044350350233856
1567044350450178816
1567044350550195200
1567044350650211584
1567044350750116096
1567044350850214912
1567044350950102784
1567044351050117120
1567044351150181376
1567044351250148864
1567044351350114304
1567044351450211584
1567044351550248448
1567044351650139648
1567044351750227712
1567044351850170880
1567044351950173184
1567044352050242048
1567044352150137600
1567044352250188288
1567044352350203392
1567044352450260736
1567044352550122752
1567044352650230784
1567044352750199552
1567044352850186752
1567044352950257664
1567044353050176256
1567044353150234880
1567044353250260480
1567044353350186752
1567044353450247424
1567044353550233088
1567044353650175232
1567044353750239488
1567044353850245376
1567044353950154240
1567044354050229760
1567044354150195200
1567044354250205696
1567044354350275328
1567044354450294272
1567044354550186752
1567044354650210048
1567044354750219776
1567044354850184192
1567044354950222848
1567044355050095360
1567044355150178304
1567044355250215936
1567044355350188032
1567044355450210560
1567044355550136320
1567044355650109952
1567044355750067456
1567044355850159616
1567044355950242304
1567044356050119168
1567044356150174976
1567044356250227968
1567044356350160128
1567044356450174720
1567044356550115840
1567044356650211072
1567044356750234368
1567044356850175488
1567044356950173696
1567044357050252800
1567044357150191872
1567044357250187520
1567044357350245120
1567044357450336256
1567044357550192640
1567044357650209536
1567044357750270720
1567044357850271488
1567044357950270976
1567044358050279424
1567044358150263296
1567044358250253312
1567044358350279424
1567044358450759424
1567044358550185728
1567044358650197248
1567044358750234112
1567044358850200064
1567044358950513920
1567044359050127616
1567044359150182912
1567044359250301184
1567044359350300672
1567044359450227968
1567044359550179584
1567044359650327040
1567044359750207232
1567044359850221824
1567044359950223104
1567044360050215424
1567044360150203648
1567044360250274304
1567044360350216448
1567044360450178560
1567044360550116608
1567044360650143744
1567044360750198528
1567044360850198272
1567044360950235648
1567044361050162432
1567044361150119424
1567044361250179840
1567044361350241024
1567044361450185728
1567044361550124544
1567044361650158080
1567044361750134528
1567044361850104064
1567044361950207744
1567044362050274560
1567044362150137344
1567044362250162688
1567044362350183936
1567044362450204672
1567044362550192384
1567044362650106112
1567044362750186752
1567044362850154752
1567044362950271232
1567044363050183424
1567044363150180096
1567044363250194688
1567044363350225920
1567044363450153472
1567044363550122240
1567044363650092032
1567044363750125568
1567044363850097152
1567044363950141184
1567044364050111232
1567044364150214912
1567044364250169344
1567044364350266368
1567044364450175232
1567044364550193920
1567044364650177536
1567044364750083072
1567044364850108160
1567044364950373120
1567044365050283264
1567044365150136832
1567044365250197760
1567044365350144512
1567044365450117632
1567044365550154496
1567044365650232576
1567044365750197248
1567044365850272768
1567044365950135808
1567044366050250496
1567044366150252032
1567044366250143488
1567044366350212864
1567044366450424832
1567044366550236928
1567044366650228480
1567044366750193920
1567044366850200064
1567044366950181632
1567044367050141952
1567044367150316544
1567044367250140928
1567044367350252032
1567044367450253312
1567044367550274560
1567044367650235904
1567044367750243328
1567044367850224896
1567044367950310656
1567044368050221824
1567044368150182400
1567044368250180352
1567044368350314496
1567044368450248448
1567044368550118400
1567044368650322688
1567044368750291968
1567044368850236672
1567044368950355968
1567044369050153984
1567044369150196992
1567044369250218496
1567044369350294784
1567044369450130688
1567044369550261760
1567044369650365440
1567044369750228224
1567044369850123776
1567044369950150656
1567044370050183424
1567044370150294016
1567044370250429696
1567044370350457344
1567044370450233600
1567044370550441984
1567044370650324480
1567044370750188032
1567044370850182656
1567044370950151168
1567044371050359552
1567044371150241024
1567044371250174208
1567044371350197760
1567044371450288896
1567044371550270464
1567044371650247936
1567044371750391040
1567044371850235648
1567044371950402816
1567044372050257152
1567044372150353664
1567044372250322944
1567044372350245888
1567044372450238208
1567044372550279680
1567044372650376704
1567044372750447616
1567044372850259712
1567044372950360320
1567044373050219776
1567044373150331136
1567044373250221824
1567044373350110976
1567044373450291968
1567044373550069760
1567044373650255104
1567044373750189056
1567044373850283264
1567044373950290944
1567044374050259456
1567044374150318592
1567044374250200320
1567044374350205696
1567044374450207232
1567044374550108928
1567044374650237184
1567044374750290688
1567044374850279936
1567044374950203904
1567044375050225152
1567044375150107136
1567044375250109696
1567044375350200064
1567044375450206720
1567044375550290688
1567044375650245632
1567044375750191360
1567044375850220800
1567044375950266624
1567044376050327808
1567044376150248192
1567044376250190848
1567044376350124800
1567044376450253568
1567044376550401280
1567044376650323968
1567044376750240000
1567044376850256128
1567044376950322944
1567044377050289664
1567044377150179584
1567044377250160896
1567044377350249472
1567044377450326272
1567044377550265344
1567044377650224384
1567044377750225920
1567044377850238208
1567044377950181120
1567044378050220288
1567044378150117632
1567044378250293248
1567044378350263296
1567044378450133760
1567044378550249472
1567044378650309376
1567044378750205440
1567044378850206976
1567044378950223104
1567044379050236928
1567044379150317312
1567044379250319360
1567044379350201344
1567044379450245632
1567044379550307840
1567044379650191616
1567044379750294272
1567044379850311936
1567044379950205184
1567044380050204416
1567044380150171904
1567044380250141952
1567044380350300672
1567044380450269696
1567044380550223872
1567044380650244864
1567044380750178816
1567044380850218240
1567044380950117120
1567044381050266112
1567044381150229504
1567044381250277632
1567044381350318848
1567044381450287616
1567044381550212096
1567044381650231040
1567044381750319104
1567044381850257152
1567044381950154752
1567044382050150912
1567044382150217472
1567044382250278656
1567044382350213888
1567044382450361856
1567044382550301184
1567044382650207744
1567044382750263552
1567044382850257920
1567044382950345984
1567044383050241024
1567044383150318848
1567044383250226944
1567044383350173440
1567044383450201600
1567044383550251008
1567044383650318848
1567044383750324736
1567044383850413056
1567044383950429696
1567044384050242304
1567044384150727680
1567044384250356224
1567044384350479872
1567044384450266880
1567044384550254080
1567044384650221568
1567044384750269440
1567044384850252800
1567044384950249472
1567044385050220288
1567044385150302720
1567044385250180864
1567044385350340096
1567044385450444288
1567044385550283008
1567044385650329344
1567044385750291200
1567044385850246656
1567044385950306048
1567044386050194688
1567044386150302976
1567044386250278144
1567044386350439424
1567044386450291200
1567044386550164224
1567044386650153728
1567044386750222080
1567044386850284032
1567044386950302720
1567044387050229248
1567044387150195712
1567044387250213120
1567044387350314752
1567044387450281216
1567044387550214912
1567044387650269952
1567044387750257920
1567044387850172672
1567044387950154496
1567044388050129152
1567044388150260736
1567044388250142720
1567044388350138368
1567044388450282496
1567044388550275840
1567044388650188800
1567044388750126848
1567044388850198272
1567044388950137856
1567044389050252032
1567044389150200064
1567044389250270464
1567044389350194944
1567044389450262528
1567044389550223104
1567044389650416128
1567044389750160128
1567044389850062592
1567044389950101504
1567044390050225920
1567044390150218240
1567044390250260480
1567044390350144256
1567044390450285056
1567044390550255616
1567044390650252288
1567044390750131200
1567044390850127872
1567044390950160896
1567044391050143488
1567044391150234624
1567044391250169600
1567044391350255872
1567044391450177280
1567044391550199296
1567044391650168576
1567044391750245120
1567044391850185472
1567044391950206208
1567044392050252800
1567044392150257664
1567044392250211072
1567044392350190592
1567044392450218496
1567044392550342656
1567044392650246912
1567044392750260736
1567044392850394112
1567044392950262784
1567044393050217984
1567044393150274816
1567044393250168576
1567044393350227200
1567044393450172672
1567044393550244352
1567044393650279680
1567044393750270720
1567044393850179328
1567044393950144768
1567044394050245888
1567044394150177536
1567044394250148864
1567044394350241280
1567044394450232832
1567044394550171904
1567044394650116096
1567044394750252800
1567044394850217728
1567044394950284032
1567044395050295040
1567044395150199808
1567044395250222336
1567044395350274816
1567044395450115840
1567044395550217728
1567044395650204672
1567044395750150656
1567044395850166016
1567044395950221568
1567044396050162432
1567044396150217728
1567044396250142464
1567044396350120192
1567044396450171136
1567044396550168064
1567044396650183680
1567044396750250752
1567044396850268672
1567044396950304256
1567044397050292480
1567044397150157824
1567044397250214144
1567044397350074368
1567044397450253312
1567044397550186496
1567044397650251264
1567044397750194432
1567044397850289920
1567044397950219520
1567044398050211584
1567044398150216704
1567044398250156032
1567044398350166784
1567044398450188544
1567044398550325760
1567044398650277376
1567044398750386176
1567044398850268160
1567044398950106880
1567044399050226688
1567044399150183936
1567044399250162688
1567044399350123520
1567044399450239488
1567044399550151680
1567044399650195456
1567044399750380032
1567044399850180864
1567044399950313216
1567044400050366720
1567044400150279168
1567044400250267392
1567044400350310400
1567044400450269952
1567044400550192384
1567044400650261504
1567044400750212864
1567044400850229760
1567044400950291968
1567044401050173440
1567044401150295040
1567044401250172672
1567044401350143232
1567044401450307072
1567044401550164736
1567044401650210560
1567044401750146560
1567044401850181120
1567044401950175232
1567044402050260224
1567044402150229504
1567044402250180608
1567044402350276096
1567044402450127104
1567044402550141696
1567044402650464000
1567044402750246144
1567044402850205440
1567044402950217984
1567044403050235392
1567044403150226944
1567044403250211328
1567044403350222336
1567044403450239232
1567044403550091776
1567044403650220032
1567044403750204416
1567044403850211328
1567044403950165760
1567044404050108672
1567044404150201088
1567044404250242304
1567044404350198528
1567044404450156800
1567044404550180096
1567044404650203648
1567044404750075136
1567044404850209536
1567044404950148608
1567044405050153984
1567044405150194688
1567044405250246400
1567044405350161408
1567044405450134272
1567044405550157056
1567044405650079232
1567044405750108160
1567044405850174976
1567044405950137088
1567044406050308864
1567044406150234880
1567044406250162432
1567044406350150400
1567044406450114048
1567044406550231808
1567044406650279168
1567044406750165760
1567044406850151936
1567044406950158336
1567044407050159872
1567044407150112512
1567044407250148864
1567044407350098944
1567044407450174208
1567044407550104832
1567044407650103040
1567044407750127616
1567044407850195968
1567044407950200064
1567044408050143232
1567044408150187264
1567044408250201088
1567044408350183424
1567044408450198272
1567044408550234368
1567044408650144512
1567044408750148352
1567044408850137600
1567044408950152960
1567044409050219520
1567044409150134528
1567044409250170368
1567044409350223360
1567044409450219264
1567044409550203904
1567044409650172160
1567044409750135296
1567044409850173184
1567044409950132992
1567044410050094080
1567044410150302976
1567044410250179584
1567044410350113280
1567044410450199552
1567044410550150400
1567044410650143488
1567044410750098432
1567044410850073344
1567044410950166016
1567044411050133248
1567044411150144768
1567044411250182912
1567044411350237952
1567044411450183424
1567044411550184704
1567044411650259200
1567044411750206976
1567044411850178304
1567044411950224640
1567044412050136064
1567044412150243584
1567044412250274048
1567044412350224128
1567044412450118656
1567044412550305792
1567044412650203904
1567044412750228224
1567044412850212096
1567044412950177024
1567044413050120704
1567044413150198528
1567044413250247936
1567044413350236160
1567044413450218496
1567044413550238720
1567044413650127104
1567044413750206720
1567044413850200064
1567044413950095872
1567044414050165760
1567044414150208000
1567044414250134272
1567044414350148608
1567044414450196736
1567044414550108928
1567044414650145280
1567044414750145792
1567044414850257408
1567044414950214912
1567044415050137600
1567044415150164992
1567044415250208256
1567044415350200064
1567044415450188032
1567044415550193664
1567044415650171904
1567044415750091264
1567044415850212096
1567044415950117376
1567044416050191872
1567044416150252544
1567044416250190336
1567044416350161920
1567044416450243584
1567044416550179584
1567044416650180608
1567044416750256896
1567044416850292736
1567044416950200064
1567044417050152448
1567044417150201600
1567044417250257664
1567044417350131968
1567044417450130176
1567044417550071296
1567044417650210048
1567044417750075904
1567044417850118912
1567044417950110208
1567044418050195200
1567044418150167296
1567044418250159872
1567044418350168832
1567044418450190080
1567044418550212352
1567044418650187008
1567044418750206464
1567044418850153216
1567044418950173440
1567044419050127616
1567044419150295552
1567044419250190592
1567044419350178560
1567044419450146560
1567044419550159360
1567044419650205696
1567044419750204928
1567044419850267392
1567044419950212096
1567044420050187264
1567044420150341376
1567044420250203648
1567044420350259456
1567044420450394624
1567044420550151936
1567044420650149888
1567044420750284544
1567044420850207488
1567044420950232832
1567044421050194688
1567044421150225408
1567044421250139648
1567044421350151936
1567044421450148608
1567044421550178816
1567044421650320128
1567044421750193920
1567044421850333696
1567044421950224384
1567044422050205696
1567044422150187776
1567044422250201088
1567044422350220800
1567044422450238976
1567044422550169856
1567044422650254080
1567044422750221056
1567044422850195712
1567044422950230784
1567044423050164480
1567044423150283008
1567044423250114048
1567044423350260992
1567044423450156288
1567044423550178560
1567044423650255616
1567044423750753536
1567044423853148160
1567044423958763520
1567044424064207872
1567044424172010752
1567044424279265792
1567044424378270720
1567044424481172736
1567044424579646464
1567044424677875712
1567044424779338496
1567044424877899776
1567044424977618688
1567044425078051072
1567044425179318528
1567044425277438464
1567044425383505408
1567044425480202496
1567044425582100224
1567044425680362752
1567044425776591872
1567044425876087552
1567044425977667584
1567044426076188672
1567044426178097408
1567044426276705024
1567044426377807872
1567044426477230592
1567044426589147392
1567044426678232576
1567044426776862464
1567044426884832768
1567044426985973248
1567044427077054976
1567044427177326080
1567044427279590912
1567044427377285376
1567044427476764416
1567044427577894912
1567044427675887360
1567044427777816064
1567044427876749056
1567044427981399808
1567044428081568256
1567044428182042880
1567044428276109568
1567044428379371520
1567044428476515072
1567044428577933824
1567044428677477120
1567044428778055680
1567044428884175360
1567044428982773760
1567044429079720192
1567044429179222272
1567044429276461056
1567044429377125376
1567044429476877568
1567044429578327808
1567044429677303552
1567044429778636288
1567044429877821440
1567044429978611712
1567044430078202368
1567044430185581568
1567044430276793600
1567044430376029184
1567044430476430848
1567044430575639296
1567044430678424576
1567044430777978880
1567044430878564608
1567044430976637184
1567044431077557504
1567044431176886272
1567044431277570304
1567044431377024000
1567044431479034112
1567044431578716928
1567044431679574528
1567044431780568320
1567044431882700800
1567044431980895232
1567044432080520960
1567044432178637056
1567044432282049536
1567044432380308480
1567044432481816576
1567044432581308416
1567044432682463744
1567044432780420096
1567044432883440896
1567044432980455936
1567044433083198208
1567044433182843904
1567044433282341120
1567044433385914112
1567044433489780480
1567044433590959616
1567044433681561344
1567044433781099520
1567044433880756480
1567044433981459968
1567044434089199872
1567044434188665344
1567044434287452672
1567044434380746240
1567044434482191872
1567044434581189376
1567044434680484352
1567044434791345152
1567044434884477696
1567044434984113152
1567044435084624640
1567044435186270976
1567044435282135296
1567044435382329856
1567044435483795456
1567044435580226816
1567044435681503744
1567044435780829696
1567044435882774272
1567044435982373888
1567044436076924928
1567044436177060352
1567044436276863488
1567044436377030912
1567044436478017280
1567044436583984640
1567044436686609920
1567044436786756864
1567044436882679808
1567044436983068672
1567044437080771328
1567044437181520128
1567044437282367744
1567044437380866560
1567044437482725632
1567044437582633984
1567044437682176768
1567044437782139136
1567044437883071232
1567044437980516352
1567044438080853760
1567044438181004032
1567044438281208064
1567044438381334272
1567044438481673472
1567044438581778176
1567044438680482816
1567044438781388544
1567044438880575488
1567044438981056512
1567044439081469440
1567044439183128320
1567044439284637696
1567044439385136640
1567044439480977408
1567044439581028096
1567044439682323456
1567044439781130496
1567044439881075200
1567044439981109760
1567044440091175680
1567044440181515776
1567044440282380544
1567044440381537792
1567044440481245440
1567044440584030976
1567044440684736512
1567044440784504832
1567044440885856512
1567044440984723456
1567044441085735936
1567044441185386240
1567044441284137472
1567044441384283904
1567044441484789248
1567044441583534848
1567044441683869952
1567044441794966016
1567044441893875712
1567044441989765376
1567044442088914176
1567044442184461568
1567044442284180736
1567044442384185600
1567044442485142016
1567044442587599872
1567044442684036096
1567044442784052224
1567044442883875072
1567044442984496896
1567044443083840256
1567044443184998912
1567044443283752192
1567044443384990976
1567044443487095296
1567044443589294848
1567044443683843584
1567044443784464640
1567044443885605376
1567044443984227072
1567044444081914624
1567044444180425216
1567044444280060672
1567044444382203904
1567044444480177920
1567044444581850880
1567044444679721216
1567044444778259712
1567044444880500992
1567044444978536704
1567044445078534656
1567044445179450368
1567044445278297344
1567044445378955008
1567044445478967040
1567044445580023552
1567044445680082176
1567044445780376832
1567044445881257472
1567044445979279872
1567044446087115264
1567044446180579328
1567044446280186624
1567044446381324032
1567044446480377088
1567044446580794112
1567044446681906432
1567044446781608704
1567044446887887872
1567044446988730624
1567044447081510656
1567044447181955584
1567044447282717184
1567044447381591808
1567044447481228288
1567044447591785728
1567044447692281088
1567044447790348800
1567044447891387392
1567044447980137216
1567044448078691072
1567044448179582720
1567044448278081536
1567044448378607104
1567044448487950080
1567044448579119872
1567044448677999360
1567044448779317504
1567044448878718976
1567044448988509184
1567044449077611008
1567044449178549248
1567044449278249984
1567044449379264256
1567044449478174976
1567044449579607808
1567044449679676160
1567044449780737280
1567044449877613824
1567044449980015360
1567044450078578176
1567044450181353728
1567044450278002944
1567044450382027520
1567044450475790080
1567044450576725760
1567044450674442752
1567044450775730176
1567044450874205184
1567044450974979072
1567044451080365568
1567044451174502912
1567044451274535936
1567044451375363328
1567044451477069568
1567044451575310592
1567044451675668224
1567044451776119296
1567044451875582464
1567044451977486080
1567044452074399232
1567044452174884096
1567044452274407424
1567044452375109888
1567044452478813952
1567044452574807552
1567044452673928192
1567044452775195136
1567044452874351872
1567044452974863616
1567044453077214464
1567044453177517056
1567044453276978432
1567044453378141184
1567044453477553408
1567044453576417536
1567044453676937984
1567044453776734464
1567044453877485312
1567044453977234176
1567044454078267904
1567044454177508864
1567044454285865472
1567044454385565952
1567044454485681664
1567044454576888832
1567044454677717760
1567044454775665408
1567044454883708416
1567044454980903424
1567044455083662336
1567044455182418432
1567044455282719232
1567044455375459584
1567044455486380032
1567044455579300352
1567044455678387456
1567044455778188800
1567044455879022592
1567044455976581120
1567044456077875968
1567044456177304064
1567044456276962816
1567044456376725248
1567044456478961152
1567044456577941248
1567044456678308864
1567044456778272768
1567044456877888512
1567044456977822208
1567044457078963200
1567044457177305600
1567044457272184320
1567044457373123840
1567044457472646400
1567044457573114880
1567044457682130176
1567044457777659392
1567044457876654848
1567044457976413184
1567044458077332736
1567044458179321088
1567044458277867520
1567044458378211072
1567044458479134208
1567044458580886784
1567044458682287104
1567044458779288320
1567044458882874880
1567044458981788672
1567044459084187136
1567044459182937856
1567044459278579712
1567044459380112640
1567044459479867904
1567044459581350656
1567044459678793984
1567044459780647680
1567044459880131840
1567044459981964032
1567044460083969024
1567044460182520576
1567044460280554240
1567044460382107392
1567044460480385792
1567044460582825728
1567044460681936128
1567044460781544448
1567044460880373248
1567044460981752320
1567044461082477568
1567044461183380736
1567044461292644864
1567044461381718272
1567044461481015808
1567044461582400000
1567044461682248704
1567044461782567424
1567044461882831616
1567044461982874368
1567044462082868480
1567044462183157504
1567044462288301056
1567044462383565824
1567044462485659904
1567044462585831168
1567044462686160640
1567044462785876992
1567044462886959616
1567044462985907200
1567044463088676864
1567044463187285760
1567044463287959552
1567044463387049728
1567044463487262976
1567044463585968896
1567044463687372032
1567044463786295296
1567044463887494400
1567044463990222336
1567044464090397184
1567044464185150976
1567044464284786432
1567044464390544384
1567044464485851648
1567044464586054144
1567044464685294080
1567044464785733376
1567044464885750272
1567044464985966848
1567044465089869312
1567044465189139200
1567044465290641408
1567044465393815808
1567044465483067904
1567044465583022592
1567044465682635008
1567044465781739520
1567044465881638400
1567044465983492352
1567044466080444928
1567044466180044288
1567044466280480256
1567044466380972032
1567044466480016128
1567044466579460608
1567044466679436544
1567044466779673856
1567044466879717888
1567044466980210432
1567044467082629376
1567044467181312768
1567044467290308352
1567044467386266112
1567044467492830976
1567044467592263936
1567044467691886592
1567044467784823040
1567044467895417088
1567044467993506304
1567044468094176768
1567044468185695744
1567044468284552448
1567044468385370880
1567044468485712640
1567044468584607744
1567044468685858816
1567044468786026752
1567044468885821440
1567044468993993472
1567044469094971904
1567044469191695616
1567044469292582912
1567044469387507712
1567044469494464768
1567044469597022976
1567044469698333696
1567044469791183360
1567044469894448640
1567044469989687296
1567044470094503936
1567044470193451520
1567044470296464640
1567044470395037184
1567044470495193344
1567044470593393920
1567044470692527104
1567044470791676928
1567044470886814208
1567044470983705344
1567044471084122112
1567044471184285440
1567044471283401984
1567044471387504384
1567044471488628736
1567044471583601664
1567044471685799680
1567044471781960704
1567044471881860864
1567044471981926656
1567044472081845760
1567044472183017472
1567044472281362688
1567044472391063808
1567044472480615680
1567044472581692160
1567044472681726720
1567044472781172736
1567044472883310336
1567044472985606144
1567044473083743744
1567044473181911808
1567044473280648960
1567044473381706496
1567044473481061632
1567044473581439232
1567044473681606400
1567044473780931072
1567044473881719296
1567044473980641280
1567044474082121728
1567044474181602304
1567044474280424704
1567044474378555392
1567044474478248960
1567044474575952384
1567044474675163392
1567044474773760000
1567044474873891072
1567044474974370304
1567044475073885952
1567044475174071808
1567044475274462976
1567044475374170368
1567044475474841344
1567044475575484928
1567044475674275328
1567044475778748160
1567044475875533056
1567044475975632384
1567044476075427584
1567044476175770880
1567044476279584000
1567044476378173952
1567044476477965824
1567044476578875904
1567044476678524160
1567044476775384320
1567044476875872256
1567044476976059136
1567044477076094464
1567044477176613376
1567044477276135168
1567044477376886016
1567044477478507520
1567044477577775872
1567044477677396224
1567044477779813888
1567044477877318400
1567044477978023424
1567044478078035456
1567044478177216256
1567044478276029952
1567044478376371200
1567044478477633792
1567044478577640192
1567044478676513792
1567044478774691840
1567044478873619200
1567044478973577728
1567044479071701760
1567044479171751680
1567044479269837312
1567044479370251008
1567044479468504064
1567044479562024192
1567044479659984896
1567044479761959680
1567044479859458560
1567044479957844224
1567044480059608576
1567044480161647872
1567044480263873024
1567044480368012032
1567044480463008768
1567044480556982272
1567044480658030080
1567044480760027904
1567044480859557632
1567044480960322304
1567044481058587904
1567044481159764992
1567044481259737856
1567044481359307520
1567044481457662464
1567044481558384128
1567044481657963008
1567044481760649472
1567044481857572608
1567044481959331072
1567044482058188544
1567044482158669824
1567044482258842112
1567044482356325120
1567044482454694144
1567044482552067584
1567044482650659840
1567044482750779648
1567044482858832640
1567044482960955904
1567044483068202752
1567044483167976192
1567044483268653568
1567044483365371648
1567044483466159104
1567044483566689536
1567044483666386432
1567044483767456256
1567044483867312128
1567044483965474816
1567044484074651136
1567044484179556608
1567044484288387328
1567044484382646016
1567044484481576448
1567044484581087744
1567044484681297152
1567044484780636672
1567044484879840256
1567044484980163584
1567044485078594304
1567044485179926016
1567044485279163904
1567044485380913152
1567044485480261632
1567044485583458304
1567044485684378112
1567044485780022016
1567044485879166976
1567044485978385664
1567044486083277824
1567044486182665472
1567044486283044608
1567044486386210304
1567044486485945088
1567044486585575424
1567044486688974336
1567044486789139200
1567044486889160960
1567044486988874240
1567044487078666496
1567044487178823680
1567044487279307008
1567044487378888960
1567044487477986816
1567044487579370752
1567044487679985408
1567044487777940736
1567044487888864512
1567044487988607232
1567044488078966016
1567044488177849088
1567044488277956864
1567044488377266176
1567044488476597760
1567044488578254592
1567044488676781056
1567044488777159936
1567044488878528512
1567044488983817216
1567044489083088384
1567044489183842304
1567044489283811840
1567044489385132032
1567044489483889664
1567044489583273984
1567044489684406016
1567044489777984512
1567044489877332736
1567044489985942016
1567044490078340608
1567044490186532608
1567044490276869888
1567044490386933760
1567044490478516992
1567044490579647744
1567044490680381184
1567044490787849984
1567044490884921088
1567044490987069952
1567044491076981760
1567044491176547840
1567044491276762112
1567044491377253888
1567044491476889344
1567044491576554752
1567044491676346112
1567044491775078144
1567044491878191616
1567044491987929856
1567044492076976896
1567044492183758080
1567044492276888320
1567044492383410688
1567044492483291648
1567044492575571200
1567044492676465664
1567044492775709952
1567044492876602880
1567044492983074816
1567044493084824576
1567044493175791872
1567044493275900416
1567044493383250176
1567044493477039104
1567044493577659904
1567044493678603008
1567044493776970752
1567044493878510592
1567044493977181184
1567044494079761152
1567044494178807040
1567044494280020992
1567044494381784064
1567044494489464832
1567044494588387072
1567044494688992256
1567044494782758400
1567044494885018112
1567044494985276160
1567044495085625600
1567044495184018176
1567044495286194688
1567044495384352768
1567044495484876032
1567044495584978176
1567044495695100928
1567044495785493248
1567044495886547200
1567044495984884224
1567044496085435136
1567044496182947072
1567044496293042688
1567044496386320640
1567044496488752896
1567044496582545152
1567044496681968896
1567044496781991424
1567044496885972480
1567044496984121856
1567044497083177728
1567044497181154304
1567044497282352896
1567044497382213888
1567044497481248768
1567044497581373440
1567044497681484032
1567044497788244736
1567044497889491456
1567044497982215680
1567044498082448128
1567044498182449152
1567044498282590976
1567044498382474496
1567044498482754304
1567044498582880512
1567044498683650304
1567044498785411840
1567044498884789504
1567044498982857984
1567044499083315200
1567044499183976960
1567044499284220160
1567044499384280576
1567044499484776960
1567044499585904128
1567044499684039680
1567044499785293312
1567044499885563392
1567044499986806016
1567044500085841152
1567044500186103552
1567044500287695360
1567044500387371776
1567044500485401600
1567044500586565888
1567044500686563072
1567044500786185984
1567044500891017216
1567044500989102336
1567044501089148160
1567044501189169408
1567044501289333760
1567044501388449792
1567044501488785152
1567044501586562816
1567044501685266432
1567044501794331648
1567044501884872448
1567044501985900544
1567044502083905280
1567044502184244480
1567044502293027072
1567044502385153280
1567044502485528064
1567044502589625088
1567044502689353984
1567044502784961536
1567044502884973312
1567044502985023744
1567044503084208384
1567044503187695872
1567044503282108672
1567044503382786560
1567044503481658880
1567044503581989376
1567044503690093056
1567044503781923840
1567044503881469696
1567044503982077440
1567044504082586112
1567044504184323328
1567044504284404992
1567044504383301376
1567044504483839488
1567044504583479040
1567044504684943360
1567044504783097344
1567044504890461184
1567044504989364736
1567044505089146880
1567044505188775936
1567044505288419840
1567044505385310720
1567044505486382848
1567044505585489152
1567044505686033664
1567044505787131136
1567044505886035712
1567044505982461952
1567044506083833088
1567044506181541376
1567044506283482368
1567044506383069184
1567044506482943232
1567044506580614912
1567044506683662592
1567044506785385728
1567044506884981760
1567044506985393152
1567044507083755776
1567044507182669312
1567044507283842560
1567044507381363712
1567044507481660672
1567044507582597888
1567044507684263424
1567044507787245568
1567044507885006848
1567044507983747840
1567044508087209472
1567044508180941568
1567044508280581888
1567044508380102912
1567044508479699456
1567044508588333568
1567044508687814656
1567044508780934400
1567044508879439360
1567044508980065536
1567044509080123648
1567044509186519808
1567044509279659264
1567044509381521664
1567044509479234816
1567044509579606016
1567044509686172928
1567044509788624896
1567044509878318080
1567044509979476992
1567044510077356800
1567044510178469376
1567044510277867776
1567044510378817280
1567044510478217472
1567044510579028992
1567044510677813504
1567044510779602432
1567044510877210112
1567044510979618816
1567044511077622528
1567044511178769152
1567044511278637312
1567044511379050752
1567044511479995136
1567044511579826688
1567044511679063296
1567044511788998400
1567044511878383616
1567044511977234176
1567044512076529152
1567044512176933120
1567044512276399616
1567044512377138432
1567044512476377088
1567044512576805888
1567044512676858624
1567044512775976192
1567044512876496896
1567044512984247808
1567044513085636352
1567044513174524672
1567044513276138752
1567044513376059904
1567044513476006144
1567044513575650560
1567044513677239808
1567044513775906816
1567044513878642176
1567044513976753152
1567044514090048256
1567044514189235712
1567044514277920512
1567044514379711488
1567044514489679360
1567044514588327936
1567044514681239808
1567044514779074816
1567044514880256000
1567044514979753472
1567044515088734208
1567044515179359232
1567044515280418048
1567044515379333632
1567044515482500096
1567044515581748992
1567044515682631680
1567044515778831104
1567044515883991296
1567044515979906560
1567044516080009984
1567044516180421888
1567044516285729792
1567044516381360896
1567044516479796224
1567044516578735616
1567044516682818816
1567044516779360256
1567044516878794496
1567044516978650112
1567044517079664640
1567044517178534144
1567044517279206400
1567044517378019328
1567044517469808384
1567044517563897600
1567044517666193152
1567044517764451584
1567044517869662976
1567044517967344128
1567044518068968448
1567044518169469696
1567044518269519360
1567044518376126976
1567044518476770560
1567044518576932864
1567044518678328320
1567044518779949312
1567044518877455616
1567044518976283904
1567044519075120896
1567044519179627264
1567044519281709312
1567044519381614336
1567044519481611520
1567044519582130432
1567044519682684928
1567044519793268736
1567044519884850432
1567044519984068096
1567044520086087424
1567044520186236416
1567044520285939968
