1556456283120159744
1556456283221878016
1556456283321465856
1556456283415370240
1556456283518932480
1556456283619709184
1556456283720935936
1556456283816831232
1556456283914938880
1556456284018776064
1556456284116207360
1556456284217176576
1556456284318359808
1556456284417167104
1556456284514646784
1556456284618573056
1556456284715963392
1556456284819269120
1556456284916675840
1556456285024951808
1556456285114265856
1556456285219400448
1556456285314686208
1556456285424771584
1556456285515141632
1556456285618705408
1556456285717855488
1556456285818011136
1556456285918317056
1556456286016445440
1556456286115152640
1556456286217844224
1556456286320541952
1556456286414892800
1556456286516623360
1556456286616359936
1556456286717505280
1556456286824474880
1556456286914705152
1556456287017907456
1556456287115661312
1556456287215802880
1556456287318191872
1556456287417328896
1556456287517321472
1556456287618517504
1556456287719265536
1556456287815213824
1556456287916668416
1556456288018492160
1556456288117586688
1556456288217466368
1556456288316606208
1556456288417871872
1556456288518327552
1556456288615244544
1556456288716859648
1556456288814916864
1556456288918420992
1556456289016209664
1556456289116041984
1556456289215348224
1556456289315198208
1556456289415146752
1556456289515593472
1556456289615802624
1556456289718336512
1556456289816845056
1556456289916064256
1556456290015667968
1556456290116485888
1556456290215962368
1556456290316031232
1556456290417719808
1556456290518637568
1556456290616749056
1556456290715995136
1556456290815873792
1556456290916067584
1556456291015945728
1556456291115745024
1556456291217287680
1556456291317313280
1556456291416317952
1556456291515800320
1556456291616419328
1556456291716768256
1556456291816642304
1556456291920619776
1556456292018743552
1556456292118424576
1556456292216604672
1556456292322715136
1556456292417388800
1556456292518135296
1556456292619160064
1556456292719028224
1556456292827266304
1556456292917618944
1556456293016705024
1556456293118782720
1556456293219460096
1556456293316670976
1556456293417950976
1556456293518319872
1556456293619539712
1556456293719763712
1556456293816803328
1556456293924707072
1556456294023387392
1556456294116655104
1556456294219042560
1556456294318373376
1556456294420343296
1556456294520272896
1556456294618247680
1556456294725623040
1556456294818221824
1556456294918915072
1556456295019948032
1556456295119505920
1556456295220456192
1556456295320962560
1556456295417945856
1556456295520252672
1556456295621125120
1556456295718190080
1556456295818606080
1556456295917348608
1556456296020508672
1556456296119293184
1556456296218547456
1556456296320376320
1556456296420885248
1556456296519308288
1556456296619257088
1556456296718347008
1556456296818597376
1556456296920473088
1556456297022186496
1556456297120169216
1556456297217678848
1556456297328472064
1556456297425026048
1556456297517392128
1556456297619942400
1556456297720704256
1556456297821157632
1556456297920440576
1556456298019461376
1556456298122693888
1556456298220394752
1556456298317960448
1556456298420275200
1556456298521200640
1556456298619916032
1556456298719845376
1556456298820559104
1556456298920073216
1556456299020088320
1556456299120899840
1556456299219009792
1556456299320905984
1556456299421211904
1556456299520827648
1556456299618631168
1556456299719506432
1556456299821043200
1556456299928823296
1556456300019181568
1556456300119965440
1556456300221713920
1556456300321013248
1556456300418714880
1556456300520728320
1556456300620474624
1556456300718715136
1556456300820355328
1556456300922853376
1556456301022771968
1556456301131285248
1556456301221948672
1556456301320516608
1556456301418739712
1556456301519792128
1556456301629494272
1556456301722616832
1556456301819608832
1556456301920478208
1556456302020885504
1556456302122117632
1556456302221504512
1556456302322405632
1556456302419840000
1556456302522066944
1556456302623382528
1556456302722584320
1556456302821861632
1556456302920556032
1556456303020601600
1556456303121566976
1556456303221147648
1556456303323523328
1556456303421009664
1556456303522836992
1556456303621022720
1556456303719963904
1556456303821079040
1556456303922091264
1556456304019984128
1556456304120488704
1556456304225420544
1556456304323036928
1556456304421092864
1556456304521800704
1556456304621612544
1556456304720384000
1556456304825233408
1556456304921474304
1556456305024020224
1556456305122876416
1556456305221924864
1556456305321330432
1556456305424906240
1556456305530243072
1556456305620516608
1556456305728523264
1556456305820520960
1556456305927622912
1556456306020153600
1556456306122110208
1556456306222791168
1556456306330508800
1556456306421652736
1556456306525386496
1556456306621574656
1556456306730413056
1556456306820022528
1556456306922991616
1556456307022758912
1556456307124885504
1556456307222082304
1556456307324727808
1556456307427248896
1556456307523291136
1556456307622427904
1556456307722140928
1556456307821181440
1556456307923284992
1556456308021063680
1556456308120918016
1556456308224550912
1556456308321622528
1556456308421675264
1556456308523132160
1556456308622756608
1556456308723973888
1556456308821406720
1556456308921974784
1556456309024372992
1556456309122455552
1556456309222630912
1556456309323415552
1556456309422599680
1556456309525072384
1556456309623132416
1556456309722242304
1556456309825476864
1556456309923139584
1556456310030087936
1556456310130874624
1556456310221319168
1556456310323759360
1556456310431623168
1556456310526499840
1556456310625783552
1556456310724053248
1556456310822663936
1556456310922890240
1556456311022739456
1556456311125415424
1556456311223525632
1556456311331155712
1556456311422139392
1556456311522068224
1556456311621815296
1556456311724049408
1556456311826348288
1556456311923205888
1556456312023807232
1556456312122631424
1556456312225372928
1556456312323612672
1556456312423586560
1556456312523926272
1556456312622253056
1556456312732662528
1556456312823771648
1556456312921823744
1556456313023859968
1556456313122065152
1556456313222447104
1556456313323401472
1556456313422347520
1556456313524619008
1556456313627991552
1556456313722149376
1556456313823900416
1556456313922182912
1556456314023627008
1556456314123475456
1556456314225032448
1556456314323857408
1556456314425364992
1556456314527104768
1556456314626643200
1556456314723747328
1556456314823548672
1556456314924204544
1556456315025729536
1556456315124491264
1556456315226357504
1556456315323118592
1556456315425693440
1556456315522628608
1556456315623339776
1556456315723394816
1556456315825815296
1556456315924557568
1556456316026712064
1556456316127371008
1556456316227641856
1556456316324236288
1556456316424075520
1556456316525007872
1556456316623164160
1556456316727224320
1556456316825373696
1556456316923443200
1556456317025647616
1556456317124084480
1556456317224436736
1556456317325357824
1556456317426450432
1556456317525251840
1556456317627277312
1556456317725195520
1556456317824400640
1556456317923777024
1556456318023886592
1556456318123905024
1556456318225868544
1556456318325529344
1556456318423242752
1556456318527361024
1556456318626561792
1556456318723769856
1556456318825679360
1556456318924123648
1556456319026269440
1556456319125365504
1556456319227958528
1556456319327483904
1556456319427427840
1556456319524535296
1556456319625305856
1556456319725207552
1556456319829061888
1556456319926219008
1556456320028207104
1556456320128268288
1556456320228307456
1556456320333038336
1556456320425470464
1556456320525690112
1556456320628948480
1556456320726304512
1556456320827581952
1556456320928010496
1556456321027930624
1556456321133212672
1556456321225723392
1556456321326574080
1556456321429512704
1556456321528155648
1556456321628905984
1556456321727743744
1556456321826462976
1556456321925777664
1556456322026037248
1556456322125874944
1556456322236005888
1556456322326599424
1556456322428771328
1556456322528443136
1556456322627483904
1556456322726365440
1556456322827584256
1556456322931166720
1556456323026844160
1556456323127746304
1556456323229394944
1556456323328533760
1556456323427045120
1556456323525995008
1556456323626235136
1556456323725955328
1556456323827241472
1556456323928000256
1556456324029143040
1556456324127306752
1556456324228746240
1556456324326768384
1556456324426045696
1556456324527439872
1556456324628266240
1556456324728645632
1556456324830932736
1556456324928593920
1556456325026770944
1556456325134872576
1556456325226847232
1556456325326709504
1556456325427351040
1556456325535729664
1556456325630578944
1556456325726490112
1556456325826409216
1556456325926685696
1556456326040741888
1556456326125794560
1556456326226880512
1556456326330340864
1556456326426215936
1556456326526914048
1556456326625489664
1556456326737676544
1556456326828355328
1556456326927160320
1556456327027912448
1556456327129622784
1556456327231707392
1556456327329405696
1556456327426434560
1556456327528602880
1556456327628947968
1556456327728088320
1556456327827436544
1556456327929935616
1556456328030381568
1556456328129040384
1556456328227651840
1556456328329109760
1556456328428195328
1556456328528719872
1556456328627924992
1556456328730591744
1556456328830467584
1556456328928547840
1556456329027057152
1556456329130590208
1556456329228764416
1556456329329157888
1556456329428497664
1556456329530387200
1556456329629734144
1556456329729978880
1556456329827944192
1556456329927668736
1556456330027218432
1556456330128539136
1556456330227888384
1556456330332075008
1556456330429718528
1556456330527656192
1556456330629227264
1556456330729547008
1556456330828343040
1556456330927863808
1556456331029660928
1556456331131560960
1556456331232978944
1556456331328329216
1556456331431700736
1556456331528615424
1556456331628819200
1556456331729488384
1556456331828785408
1556456331931436544
1556456332031549440
1556456332129095424
1556456332232614144
1556456332329403904
1556456332429394688
1556456332530334976
1556456332635094528
1556456332731593216
1556456332831257600
1556456332928794368
1556456333029639168
1556456333130310656
1556456333229744896
1556456333329793536
1556456333430566656
1556456333532331520
1556456333632890368
1556456333729547776
1556456333829165824
1556456333930401536
1556456334029642496
1556456334130283520
1556456334230305024
1556456334332344320
1556456334431043840
1556456334528983552
1556456334628561664
1556456334730501120
1556456334829138688
1556456334929591808
1556456335030536448
1556456335132403200
1556456335233884416
1556456335331842304
1556456335430209280
1556456335531499264
1556456335629007360
1556456335730642432
1556456335829427712
1556456335932651264
1556456336033989376
1556456336129213696
1556456336229251584
1556456336330926592
1556456336429525248
1556456336530056448
1556456336629841152
1556456336733557760
1556456336832781568
1556456336930255616
1556456337031591424
1556456337130305280
1556456337229064704
1556456337331117312
1556456337430790144
1556456337532636672
1556456337632443392
1556456337740214528
1556456337829516288
1556456337930115072
1556456338030922496
1556456338131057408
1556456338231240960
1556456338334419456
1556456338433621760
1556456338530148096
1556456338629384960
1556456338730014208
1556456338830912768
1556456338931061760
1556456339030716416
1556456339132666368
1556456339232854016
1556456339330387968
1556456339436454144
1556456339530238720
1556456339632009216
1556456339731363840
1556456339831544320
1556456339933443840
1556456340031815936
1556456340140347392
1556456340229597696
1556456340330041088
1556456340431718912
1556456340531772160
1556456340632873216
1556456340733176832
1556456340832149504
1556456340930578944
1556456341030930944
1556456341131581440
1556456341232509696
1556456341332079360
1556456341437308928
1556456341534703104
1556456341633488128
1556456341733418240
1556456341831012352
1556456341931055360
1556456342032243712
1556456342131167744
1556456342233542400
1556456342333423104
1556456342431871744
1556456342532894976
1556456342632266240
1556456342731682560
1556456342840567296
1556456342931524608
1556456343033856000
1556456343133772288
1556456343233988352
1556456343333026048
1556456343432753920
1556456343532771328
1556456343635763200
1556456343733315584
1556456343836072960
1556456343934944256
1556456344033498880
1556456344132277760
1556456344231629056
1556456344330472192
1556456344431128832
1556456344537059328
1556456344634584064
1556456344735014144
1556456344832460032
1556456344930869248
1556456345032088064
1556456345132103936
1556456345233449472
1556456345334568448
1556456345432978432
1556456345533957120
1556456345636114688
1556456345733487872
1556456345832817152
1556456345931358976
1556456346032516352
1556456346133955072
1556456346236261376
1556456346334063104
1556456346432444672
1556456346532268544
1556456346633923072
1556456346738816768
1556456346831867904
1556456346936445184
1556456347036404480
1556456347135264512
1556456347232902912
1556456347340335360
1556456347432892160
1556456347532003072
1556456347634979072
1556456347741970432
1556456347837126400
1556456347934973952
1556456348033647616
1556456348134138112
1556456348232946432
1556456348337716480
1556456348443935232
1556456348534662656
1556456348636070912
1556456348735836928
1556456348837301248
1556456348933257984
1556456349035878400
1556456349134007040
1556456349233814784
1556456349333160960
1556456349435680768
1556456349534484224
1556456349632617472
1556456349734280704
1556456349833226496
1556456349934845440
1556456350033283072
1556456350133895936
1556456350236919808
1556456350337432064
1556456350441484800
1556456350533051136
1556456350633485056
1556456350736194816
1556456350835372032
1556456350935504128
1556456351044553472
1556456351135542016
1556456351234817536
1556456351337644544
1556456351433763328
1556456351535696640
1556456351634991360
1556456351734409216
1556456351837779200
1556456351937327616
1556456352035744768
1556456352135644416
1556456352233424128
1556456352336003584
1556456352435607296
1556456352537748992
1556456352638873856
1556456352735731200
1556456352833695232
1556456352936127488
1556456353033707264
1556456353136057856
1556456353235262208
1556456353337757440
1556456353438441216
1556456353536342272
1556456353633424640
1556456353737302272
1556456353836434176
1556456353938933248
1556456354034771456
1556456354138060288
1556456354235446272
1556456354336976640
1556456354436887808
1556456354535058432
1556456354636058112
1556456354735097088
1556456354835313920
1556456354938583808
1556456355038593536
1556456355136267776
1556456355236316160
1556456355335704576
1556456355434553856
1556456355535622656
1556456355639623680
1556456355738542080
1556456355838028544
1556456355937037824
1556456356034351872
1556456356137861632
1556456356234392064
1556456356337950208
1556456356437026304
1556456356539372800
1556456356635603200
1556456356738336000
1556456356837035520
1556456356938355968
1556456357036343552
1556456357136948480
1556456357236546048
1556456357338854912
1556456357436159744
1556456357536211712
1556456357637309440
1556456357736663552
1556456357836953856
1556456357936152320
1556456358036315648
1556456358139070208
1556456358237335296
1556456358337250048
1556456358436612096
1556456358537658624
1556456358637517312
1556456358735683072
1556456358837129216
1556456358939768320
1556456359036728576
1556456359136546816
1556456359238149632
1556456359336236544
1556456359435395072
1556456359536689408
1556456359636726016
1556456359739437568
1556456359840455168
1556456359936787968
1556456360039756032
1556456360135979008
1556456360236797696
1556456360337181184
1556456360438018304
1556456360540317696
1556456360637782272
1556456360736017920
1556456360841126656
1556456360936369152
1556456361037004288
1556456361137728512
1556456361237510400
1556456361340574208
1556456361437328128
1556456361538502144
1556456361637351168
1556456361737581312
1556456361837339904
1556456361938655744
1556456362040883200
1556456362140678656
1556456362238548480
1556456362336544000
1556456362436956672
1556456362541621504
1556456362636811008
1556456362738580992
1556456362838337792
1556456362940285952
1556456363037782784
1556456363142347008
1556456363240119808
1556456363338980096
1556456363437260032
1556456363537507584
1556456363641662976
1556456363740493568
1556456363838503936
1556456363937027584
1556456364039457792
1556456364139397632
1556456364240076032
1556456364339332608
1556456364440485376
1556456364539014912
1556456364637375232
1556456364738970880
1556456364840575488
1556456364937096192
1556456365040525568
1556456365139208448
1556456365238403072
1556456365339404032
1556456365439170304
1556456365538649856
1556456365642207744
1556456365738255360
1556456365840554752
1556456365939759616
1556456366039859456
1556456366141607168
1556456366238430208
1556456366338757376
1556456366438770176
1556456366542084096
1556456366638440448
1556456366744022272
1556456366840747008
1556456366943696128
1556456367037944320
1556456367140648704
1556456367241078016
1556456367338268160
1556456367438560000
1556456367544729600
1556456367641323008
1556456367740539904
1556456367838923520
1556456367941173504
1556456368039218432
1556456368138042112
1556456368247441152
1556456368338673920
1556456368440049408
1556456368541331200
1556456368641196032
1556456368741561856
1556456368842206976
1556456368937892864
1556456369041019392
1556456369143853312
1556456369242228992
1556456369344803072
1556456369439893248
1556456369540349440
1556456369641706496
1556456369741030912
1556456369841587456
1556456369940175872
1556456370041712128
1556456370139012096
1556456370238722816
1556456370341374208
1556456370438562560
1556456370540465920
1556456370640125952
1556456370744165120
1556456370842111744
1556456370938922752
1556456371042817280
1556456371139873792
1556456371244778752
1556456371347216640
1556456371439658752
1556456371547463168
1556456371642718720
1556456371742361600
1556456371840615680
1556456371942522624
1556456372041797632
1556456372140489728
1556456372246072576
1556456372340669696
1556456372444447488
1556456372540142080
1556456372639270912
1556456372744351744
1556456372839861504
1556456372942548480
1556456373044685056
1556456373141084672
1556456373243074304
1556456373340961280
1556456373441944832
1556456373542495744
1556456373642423552
1556456373743129344
1556456373846009856
1556456373941945600
1556456374043097088
1556456374142384640
1556456374240322048
1556456374342688768
1556456374441908224
1556456374542110208
1556456374641257216
1556456374744489984
1556456374840146944
1556456374942158336
1556456375040163584
1556456375144637184
1556456375243881984
1556456375344905984
1556456375443521792
1556456375546840320
1556456375642510336
1556456375740287232
1556456375849241856
1556456375942048512
1556456376044685824
1556456376144244480
1556456376246702336
1556456376344543488
1556456376441058048
1556456376548878592
1556456376641216256
1556456376743381760
1556456376840768000
1556456376950294784
1556456377042888960
1556456377144076288
1556456377242595584
1556456377341154816
1556456377442472192
1556456377543012096
1556456377640635392
1556456377746200320
1556456377843458048
1556456377944828672
1556456378042722560
1556456378142274304
1556456378243333888
1556456378347317248
1556456378442753536
1556456378548549888
1556456378644852480
1556456378744943616
1556456378843386880
1556456378944831232
1556456379043058432
1556456379150723328
1556456379243969280
1556456379342686720
1556456379445927424
1556456379544438272
1556456379642215936
1556456379743865600
1556456379842555136
1556456379943482880
1556456380048255232
1556456380146746112
1556456380243401472
1556456380346895360
1556456380443731200
1556456380542347520
1556456380646503424
1556456380743848960
1556456380842845696
1556456380948811520
1556456381046445824
1556456381144287744
1556456381241989376
1556456381342884352
1556456381443948288
1556456381542875648
1556456381644310528
1556456381742686720
1556456381850279680
1556456381945248000
1556456382044345088
1556456382141587968
1556456382245179648
1556456382343871488
1556456382448674816
1556456382546744064
1556456382646732032
1556456382745060608
1556456382843097344
1556456382942912000
1556456383046158592
1556456383143891456
1556456383243423488
1556456383348758272
1556456383446672640
1556456383544090368
1556456383643969024
1556456383742609152
1556456383845977600
1556456383944568832
1556456384050341120
1556456384143326208
1556456384253037568
1556456384345069056
1556456384452870912
1556456384543822080
1556456384648129536
1556456384746143744
1556456384844352512
1556456384947233792
1556456385047058944
1556456385144956928
1556456385243874816
1556456385350974208
1556456385443016192
1556456385544029440
1556456385644220416
1556456385745154304
1556456385846913536
1556456385945056768
1556456386043938560
1556456386144095232
1556456386245792256
1556456386345695232
1556456386443104512
1556456386548015360
1556456386644128512
1556456386746172928
1556456386845440256
1556456386945258496
1556456387045916416
1556456387147278592
1556456387245483264
1556456387352399104
1556456387447657728
1556456387545816064
1556456387644501248
1556456387746290688
1556456387847745536
1556456387945921536
1556456388050262784
1556456388148297728
1556456388246317056
1556456388344609024
1556456388445010432
1556456388544493568
1556456388646237184
1556456388744300800
1556456388854169088
1556456388948664064
1556456389046206208
1556456389144773632
1556456389244732672
1556456389346285056
1556456389448203520
1556456389547183616
1556456389644642560
1556456389749320704
1556456389845947648
1556456389945684224
1556456390044850944
1556456390147984896
1556456390246873344
1556456390344993280
1556456390444851200
1556456390549185536
1556456390655646208
1556456390744766464
1556456390848115456
1556456390949161728
1556456391049951744
1556456391148031488
1556456391247310592
1556456391350059264
1556456391446585344
1556456391546749440
1556456391647382528
1556456391745255168
1556456391849035776
1556456391947599360
1556456392047120384
1556456392153477888
1556456392246810368
1556456392345419776
1556456392445409280
1556456392547704576
1556456392646285824
1556456392746640128
1556456392846879488
1556456392949320960
1556456393048189440
1556456393145238528
1556456393246563584
1556456393346808576
1556456393448701440
1556456393548056064
1556456393646437120
1556456393750095872
1556456393847110656
1556456393947511808
1556456394047125248
1556456394149340672
1556456394247689984
1556456394345862912
1556456394455568640
1556456394549234432
1556456394648276736
1556456394748248064
1556456394847142656
1556456394951535360
1556456395048074752
1556456395150454528
1556456395246706688
1556456395352709888
1556456395448038144
1556456395545747200
1556456395648560640
1556456395746081280
1556456395848938496
1556456395949620736
1556456396051967488
1556456396150074112
1556456396249525504
1556456396347033856
1556456396450158080
1556456396547586048
1556456396649922816
1556456396747983872
1556456396846824960
1556456396952398080
1556456397049091072
1556456397149736448
1556456397246617856
1556456397351129600
1556456397448394496
1556456397550723840
1556456397656673536
1556456397757436160
1556456397847546624
1556456397950011904
1556456398048744960
1556456398148620032
1556456398247968512
1556456398354925824
1556456398449755904
1556456398550423040
1556456398654482432
1556456398747143936
1556456398846556672
1556456398950707456
1556456399046541056
1556456399160288768
1556456399248789504
1556456399350641664
1556456399449639424
1556456399549034752
1556456399649342464
1556456399755672576
1556456399847613952
1556456399948430592
1556456400052800512
1556456400149978880
1556456400250635776
1556456400350092288
1556456400450213120
1556456400551530752
1556456400651762944
1556456400750554112
1556456400856301568
1556456400949135872
1556456401050096384
1556456401149674752
1556456401250655488
1556456401352904704
1556456401449832448
1556456401548997120
1556456401652052992
1556456401751133184
1556456401849197056
1556456401948621312
1556456402052169216
1556456402151237120
1556456402250285312
1556456402350300928
1556456402451025664
1556456402550834176
1556456402649058304
1556456402751238912
1556456402848593152
1556456402953328640
1556456403050183168
1556456403152292096
1556456403250722560
1556456403351395072
1556456403450938368
1556456403559205120
1556456403648372992
1556456403753743360
1556456403851792896
1556456403955651072
1556456404051224064
1556456404150065152
1556456404248599040
1556456404350630400
1556456404449680128
1556456404551816192
1556456404651224064
1556456404751186688
1556456404850629632
1556456404952458240
1556456405049055488
1556456405150597888
1556456405250864384
1556456405353580032
1556456405450889472
1556456405560582144
1556456405649937664
1556456405751447808
1556456405848685312
1556456405951241984
1556456406050902784
1556456406150070272
1556456406249947904
1556456406350645760
1556456406455187456
1556456406549269248
1556456406649869056
1556456406749135360
1556456406851169792
1556456406951170560
1556456407055411200
1556456407151893504
1556456407255629824
1556456407351415296
1556456407454122752
1556456407551676672
1556456407649586432
1556456407756165120
1556456407850135808
1556456407956325120
1556456408051689984
1556456408150104832
1556456408252470784
1556456408351380736
1556456408453163776
1556456408553261056
1556456408654071040
1556456408753630976
1556456408852859392
1556456408956474112
1556456409050835968
1556456409154739712
1556456409252463104
1556456409350339072
1556456409452145920
1556456409556552448
1556456409653452800
1556456409753555456
1556456409851264512
1556456409951643904
1556456410053880320
1556456410150478592
1556456410252904704
1556456410353427712
1556456410452580864
1556456410553341696
1556456410651480576
1556456410753824512
1556456410850919680
1556456410953029888
1556456411061860864
1556456411150183424
1556456411255317504
1556456411350469632
1556456411455804928
1556456411551172608
1556456411651532800
1556456411751933696
1556456411851052544
1556456411953305856
1556456412052214784
1556456412153214208
1556456412250648320
1556456412351393024
1556456412453048832
1556456412554237440
1556456412658461184
1556456412753636096
1556456412853668608
1556456412954639872
1556456413051553792
1556456413153195520
1556456413253019648
1556456413354505472
1556456413452374528
1556456413555040000
1556456413654430720
1556456413757233920
1556456413851431680
1556456413956803072
1556456414051319040
1556456414154535424
1556456414253512448
1556456414359033344
1556456414455016704
1556456414557117184
1556456414651951872
1556456414750850560
1556456414853732608
1556456414951551232
1556456415054046720
1556456415153292032
1556456415252955904
1556456415354734592
1556456415451946240
1556456415553115392
1556456415652812032
1556456415758719232
1556456415853138432
1556456415960297472
1556456416054006784
1556456416154686976
1556456416252616448
1556456416358936576
1556456416451887104
1556456416558829568
1556456416653190400
1556456416757281024
1556456416855229696
1556456416953180672
1556456417051897344
1556456417154447104
1556456417253705472
1556456417352668416
1556456417457097472
1556456417555143168
1556456417653874176
1556456417761529856
1556456417852997888
1556456417961635584
1556456418052997888
1556456418155195392
1556456418254853632
1556456418363655680
1556456418460873728
1556456418559968256
1556456418652540672
1556456418755965952
1556456418854150144
1556456418963949824
1556456419052515328
1556456419164276480
1556456419255190528
1556456419356579328
1556456419456051456
1556456419554774016
1556456419653687552
1556456419755060736
1556456419854091520
1556456419960960512
1556456420054898688
1556456420156597504
1556456420253471488
1556456420355828992
1556456420455264000
1556456420555600896
1556456420659102720
1556456420756413184
1556456420854710272
1556456420954923520
1556456421055324416
1556456421155161600
1556456421256277760
1556456421352796416
1556456421455282176
1556456421556177664
1556456421656699392
1556456421755164672
1556456421854650112
1556456421955447296
1556456422053208064
1556456422155392512
1556456422263651072
1556456422356232192
1556456422456938752
1556456422554733056
1556456422654853632
1556456422755478784
1556456422856050432
1556456422956445696
1556456423056023808
1556456423159516928
1556456423256011776
1556456423355490816
1556456423454484736
1556456423553964288
1556456423655846912
1556456423755441408
1556456423855997184
1556456423958475008
1556456424055929856
1556456424160457472
1556456424255195648
1556456424357586432
1556456424460820224
1556456424555019520
1556456424657278976
1556456424757733120
1556456424857234432
1556456424955162880
1556456425055402752
1556456425156676352
1556456425255519744
1556456425360521984
1556456425458163712
1556456425556293632
1556456425656682240
1556456425757422336
1556456425854620416
1556456425957190144
1556456426062246912
1556456426158999552
1556456426263490560
1556456426356696064
1556456426454764288
1556456426562612480
1556456426655516160
1556456426756897792
1556456426855489536
1556456426957859072
1556456427055664896
1556456427166881536
1556456427263843584
1556456427356058880
1556456427457106944
1556456427555400704
1556456427657386496
1556456427757551104
1556456427858555136
1556456427957781504
1556456428056386048
1556456428156515072
1556456428256666112
1556456428356573184
1556456428455832832
1556456428562798080
1556456428656931072
1556456428759571968
1556456428856944384
1556456428955571968
1556456429055856384
1556456429158510336
1556456429257995520
1556456429359373824
1556456429459202560
1556456429556802560
1556456429660128256
1556456429757086208
1556456429857208576
1556456429956705280
1556456430056624640
1556456430157837824
1556456430260421632
1556456430357593856
1556456430459626496
1556456430556878336
1556456430659268608
1556456430756822528
1556456430859021824
1556456430956071936
1556456431067057152
1556456431156221440
1556456431258064384
1556456431359119872
1556456431456749312
1556456431557879808
1556456431660947456
1556456431757105152
1556456431861387520
1556456431957712896
1556456432057461760
1556456432157959424
1556456432257199104
1556456432357965824
1556456432458254080
1556456432565578240
1556456432658683904
1556456432761137920
1556456432859369984
1556456432958622208
1556456433056556800
1556456433160431872
1556456433256781824
1556456433359721984
