1621218775588517632
1621218775653234176
1621218775719868416
1621218775787592704
1621218775853468672
1621218775919853568
1621218775986681344
1621218776052976128
1621218776119631360
1621218776187454464
1621218776252664064
1621218776319779584
1621218776387223296
1621218776455861248
1621218776520975616
1621218776587666944
1621218776655299072
1621218776721126144
1621218776787200000
1621218776853485056
1621218776920383488
1621218776987118336
1621218777055984384
1621218777121099776
1621218777189672704
1621218777255078400
1621218777322881536
1621218777388141056
1621218777455527168
1621218777521105408
1621218777587940096
1621218777654634752
1621218777723080704
1621218777789422848
1621218777856586496
1621218777922523392
1621218777989208576
1621218778057873664
1621218778124200704
1621218778190024960
1621218778256922112
1621218778324287232
1621218778390492672
1621218778456068352
1621218778523420160
1621218778590263552
1621218778656676608
1621218778724364544
1621218778792380416
1621218778857716992
1621218778923947264
1621218778990928128
1621218779057764096
1621218779125924608
1621218779191327744
1621218779259313408
1621218779324745216
1621218779391522048
1621218779458124288
1621218779524855808
1621218779593522944
1621218779658709760
1621218779726521856
1621218779792211200
1621218779858906368
1621218779925862656
1621218779992148736
1621218780060467968
1621218780125632768
1621218780192368384
1621218780260755712
1621218780326402816
1621218780394236928
1621218780460547072
1621218780526642688
1621218780592935936
1621218780661325312
1621218780726651136
1621218780793192192
1621218780860718336
1621218780927557120
1621218780995137536
1621218781061537024
1621218781127726080
1621218781195120384
1621218781262577664
1621218781330934016
1621218781395142144
1621218781461943296
1621218781528976384
1621218781597636864
1621218781661946624
1621218781729615360
1621218781795650560
1621218781864224768
1621218781931932160
1621218781997120768
1621218782063448064
1621218782130360832
1621218782197047552
1621218782267076864
1621218782329672448
1621218782398704640
1621218782464050688
1621218782530791168
1621218782598285312
1621218782665573888
1621218782730435328
1621218782797303040
1621218782864344320
1621218782930624256
1621218782998561536
1621218783063970816
1621218783132292096
1621218783197556992
1621218783266876672
1621218783332112128
1621218783399357440
1621218783466237696
1621218783533104896
1621218783598825472
1621218783666275840
1621218783731850496
1621218783799972352
1621218783867523072
1621218783931873280
1621218783998964224
1621218784068870656
1621218784135154688
1621218784200803840
1621218784269047040
1621218784336203776
1621218784399742720
1621218784469507072
1621218784533477888
1621218784602662912
1621218784666908928
1621218784735329280
1621218784800485376
1621218784870268928
1621218784933600000
1621218785002303744
1621218785069248000
1621218785135900416
1621218785202550528
1621218785270445568
1621218785336116736
1621218785403528448
1621218785467715840
1621218785536468480
1621218785602649088
1621218785670198784
1621218785736918272
1621218785803954944
1621218785868993536
1621218785936635392
1621218786002221056
1621218786069909760
1621218786136368128
1621218786203380992
1621218786268981504
1621218786337561344
1621218786402557184
1621218786471979776
1621218786538189056
1621218786604208128
1621218786669915392
1621218786737195264
1621218786803856896
1621218786870107136
1621218786937744896
1621218787003044608
1621218787071767040
1621218787139160320
1621218787204389888
1621218787271563520
1621218787338182144
1621218787404625408
1621218787473008640
1621218787538157568
1621218787604068096
1621218787671117824
1621218787737987072
1621218787805357568
1621218787873175552
1621218787940391424
1621218788005343744
1621218788074117376
1621218788141131008
1621218788205756928
1621218788273473024
1621218788338476032
1621218788405750272
1621218788473179648
1621218788539425024
1621218788606526720
1621218788675089920
1621218788741816064
1621218788808672256
1621218788874603520
1621218788941114624
1621218789007527680
1621218789073939712
1621218789140518144
1621218789207015936
1621218789274281728
1621218789340637184
1621218789407456512
1621218789475644672
1621218789541835520
1621218789608184320
1621218789675368704
1621218789741715456
1621218789809046784
1621218789875216384
1621218789942398464
1621218790008407040
1621218790075498752
1621218790142158848
1621218790209249024
1621218790276037888
1621218790343772672
1621218790409122560
1621218790478792192
1621218790543598592
1621218790609120000
1621218790678020352
1621218790744359680
1621218790809644288
1621218790876754688
1621218790944558592
1621218791012384256
1621218791077762560
1621218791144783104
1621218791210893312
1621218791277153536
1621218791345169152
1621218791411742208
1621218791480946176
1621218791546381056
1621218791611964672
1621218791679328768
1621218791745035264
1621218791813142784
1621218791878859008
1621218791947316224
1621218792013029888
1621218792080471040
1621218792148385536
1621218792212716032
1621218792280646912
1621218792346635520
1621218792413699328
1621218792479532800
1621218792546764544
1621218792613667840
1621218792679324928
1621218792747028736
1621218792812634624
1621218792880183808
1621218792946029824
1621218793014474496
1621218793080467456
1621218793147336960
1621218793213871360
1621218793280168704
1621218793348328704
1621218793414625792
1621218793481297920
1621218793549550336
1621218793614400256
1621218793682004224
1621218793748236544
1621218793814547456
1621218793881235712
1621218793947808000
1621218794015258880
1621218794083648000
1621218794150678784
1621218794215865856
1621218794282622464
1621218794349239808
1621218794417707776
1621218794484762368
1621218794550972160
1621218794615728384
1621218794682571776
1621218794751300352
1621218794817065984
1621218794883745792
1621218794951437056
1621218795017397504
1621218795084234496
1621218795151190528
1621218795217728256
1621218795285175040
1621218795352099840
1621218795417590016
1621218795486147328
1621218795550555392
1621218795618807808
1621218795686301184
1621218795751596800
1621218795819287296
1621218795884193792
1621218795951739136
1621218796017996032
1621218796085470208
1621218796151866624
1621218796218334464
1621218796287173632
1621218796352928512
1621218796418896896
1621218796486306304
1621218796554853120
1621218796619177216
1621218796686369792
1621218796753733376
1621218796819572992
1621218796886516736
1621218796953148928
1621218797020505600
1621218797088755200
1621218797153540608
1621218797220603392
1621218797288777216
1621218797354620416
1621218797421179904
1621218797488547328
1621218797554744064
